
robot: dof2
[7.2985202436348615, 7.381639376599354, 8.748083693063755, 7.612637892188008, 8.321298072869878, 8.740068735939268, 8.64180440733864, 8.618203864481087, 7.886482697088759, 8.555991694812763, 8.55742059513161, 8.614904529093629, 8.604982026403793, 8.518507666081378, 8.743291438885871, 9.06227827464466, 8.687339248469602, 9.093475415641606, 7.092763795565194, 7.68710518275714, 8.78255979411099, 8.656011737659362, 8.703560965839486, 8.60319100412544, 8.697821461507328, 8.639996852782922, 8.804308628831901, 6.160703195697007, 8.761324126242895, 8.053077090115405, 8.480652116176207, 8.56985548925076, 8.061626932878582, 7.851743027705117, 8.751916645337408, 9.231570495389168, 8.327518215642618, 9.357947147668819, 8.684339435774605] ,
[6.771948863635159, 7.7290756373266625, 7.612313385182738, 9.196346315044348, 8.52546775841124, 8.598388612801688, 8.883303935298462, 8.784872260877902, 8.547530053497951, 8.95418882412562, 8.673271395317972, 8.547416307604834, 8.726022795093664, 8.622935242193215, 9.191544031196445, 8.46395867737735, 8.481066823819608, 8.48448105912631, 9.085144910897027, 8.884293592494783, 8.659478398431483, 9.211430202083575, 8.631656717869065, 8.683976185056443, 8.862849105306626, 8.703932549070537, 8.673410468613673, 9.060245714074489, 8.352721620170895, 8.313444389296848, 6.658640661772727, 8.766230934373487, 8.901703269555583, 8.685903580914665, 8.428729475244602, 8.688078181913717, 9.031221256624772, 8.724007532488525, 8.25103601790702] ,
[6.978940230641463, 6.3217105284035595, 7.8146355576834985, 8.305185988298202, 8.738218432370363, 8.566923739486798, 8.757594126041683, 8.919187389526064, 9.087301742064977, 8.789694651886915, 8.988171384147977, 8.326575869083182, 8.439405822214201, 8.639489940904275, 8.084998742166407, 8.701667219450313, 8.639464933834601, 8.653386989750828, 8.656270324112002, 9.01180034665151, 8.149908763601013, 8.963777999417783, 8.644300428822177, 8.794909140389786, 5.6730716578678795, 8.431630085965935, 8.711901307966269, 8.933705592602932, 8.672434943414492, 8.6802358328625, 8.752870030583086, 8.769383836703007, 8.08006714412306, 8.50217520341239, 8.410285518416512, 9.028572838882031, 7.434911812275196, 8.713464417217889, 8.747471147555464] ,
[5.705095872983811, 5.684849612656087, 7.787394701196844, 8.561311384241964, 9.28386546058112, 8.230103660386575, 8.452819843489461, 8.900678761401434, 8.768373981154443, 8.9582237216699, 8.526571242504316, 8.549602429078297, 7.812059952957064, 8.387127023917946, 8.475762707449492, 8.667961770855962, 8.667755390462899, 8.873742865696535, 8.068838962430574, 9.07504116767456, 9.249465643360509, 8.7741371042976, 9.01629708907392, 8.458255805739936, 8.169289771429517, 9.201108242514541, 8.758001681946794, 8.676027443408762, 8.61936676059144, 8.85475707551667, 8.716290573354, 8.706374881605349, 8.475380762078832, 8.366024276762069, 8.586256119307018, 8.938939291906179, 9.066343907623633, 8.722843284592184, 8.727999767451866] ,
[5.973701600549749, 7.502490949314659, 8.813418511737813, 8.360583348777237, 8.741708442577858, 2.349942466787196, 8.883155638275769, 8.641511289860189, 8.342754783652312, 8.547403480303732, 8.404701850447028, 8.730760803587485, 8.431067440098488, 8.582722506434227, 7.121001934424294, 8.454063601126885, 9.073553908604396, 9.151411095340876, 7.474182033431159, 8.38442329919379, 8.576649060316864, 8.70613429455789, 8.510376106078175, 8.615101802710301, 8.03901596826968, 9.156273712168172, 8.13131511323623, 8.69917546014111, 8.974620751552528, 6.086955342583179, 8.6322725194416, 8.888975718778953, 8.386109145440969, 8.723420319217295, 8.764017789834563, 9.01214289717304, 9.01037179793291, 8.60827806326868, 8.810170369255458] ,
robot: dof3
[9.01399911341384, 8.909016084184323, 7.645025399989762, 9.626234950129959, 10.420484151408537, 9.484922422063907, 11.043065348439399, 9.418410704805982, 9.417953413243728, 9.763167064564966, 9.995550764433514, 10.009957329050534, 9.751402957281183, 10.040381086040005, 9.980546725500094, 9.497757730170722, 11.16204572554895, 10.060933197909439, 9.675538033113353, 10.069455103265202, 10.05116354497855, 9.830458564181473, 10.09174964439971, 10.554512694520778, 9.844592977761454, 10.191590359556537, 9.961038530819959, 10.041982951480449, 10.341695603565958, 9.702905232503964, 10.230277290423096, 10.075015641412358, 10.553661279920165, 10.22001434725018, 9.56166044227995, 10.204039293909156, 10.331724432220375, 10.148894386975151, 10.058777735973308] ,
[9.112334445131637, 9.661198585809807, 10.122973230657927, 9.057900348226951, 10.170441964264118, 10.628986259207828, 10.117650872859, 9.629685167392223, 10.743764788561506, 10.522471410695355, 10.878146894226475, 9.901331834195563, 10.031314348029767, 9.87749393042148, 10.278709565732273, 10.55314960846079, 10.412892407403659, 10.342561540147257, 10.244122620131389, 10.194537110239501, 10.151920417225808, 9.665535600995218, 10.366731544788093, 10.212702883418572, 10.129812376600654, 10.03263357538502, 9.63896609757277, 10.073913034635277, 10.132593117137205, 10.666620307925514, 10.18648980459853, 10.042952575829977, 10.224109088332048, 10.072959429175672, 10.100677127384694, 9.957619984545017, 10.062833856835434, 10.276820340422107, 10.12549917114926] ,
[7.682158924606748, 8.162065074364413, 10.848588759777629, 9.935703209554145, 9.504748266251529, 9.461201850176817, 8.974039011439839, 10.402463347111269, 9.481998478666425, 10.391881205858569, 9.930762892730028, 10.041374712812338, 10.17442613315093, 9.645394617708751, 10.147766659480583, 10.085177782727811, 9.580863807700036, 9.767615402047722, 10.002211460727267, 9.961206125027571, 10.007060310616714, 10.08130527980227, 10.246634069474968, 10.038417801745817, 10.399924833487603, 9.847352222666178, 9.535296992578823, 10.258316557665017, 10.132205039982946, 9.869075673787476, 10.659719455238589, 10.148799183962778, 10.171809309102187, 10.274359822415544, 10.182176190529493, 10.20703483083902, 10.183403500364482, 9.341525545327292, 10.120218321644575] ,
[10.076448300288611, 9.715332027881525, 10.008437421898119, 10.075871076523953, 10.289931841892813, 9.433599213745715, 9.834624287403289, 9.973364511156221, 9.925417708532136, 9.95389574693226, 9.48388467897475, 10.026152558627148, 10.264034813292202, 10.501013946688932, 10.261304243661753, 9.713539022993478, 10.387425666338386, 10.277236322153751, 10.671470429280996, 10.317225892884053, 9.864458086034471, 9.625728488709894, 9.877472130596704, 10.140346432428995, 10.174445557394503, 9.481117420027935, 10.109952636376587, 10.104066948670098, 9.715515040118374, 10.3065762982671, 9.953307755000036, 10.324723703058272, 9.981187641390596, 9.990877358195387, 10.31040081041899, 10.12815328305974, 9.89478202214712, 10.266527009710314, 10.074750112771909] ,
[8.441818904387365, 8.354992620720957, 8.239844528540997, 8.7447986475455, 10.595054368473292, 10.288843878166631, 9.821673045690464, 9.691180056993828, 10.259724032945272, 8.7510244384144, 10.581385893089335, 10.40844769672684, 8.866847851318175, 9.97982982420442, 10.4022835793209, 9.679549236452038, 9.61938988977064, 9.549457405730724, 10.177584423896729, 9.941213134366276, 10.208453656433743, 10.06237907796035, 10.37123518038133, 9.912003549653814, 10.14365548697883, 9.855082684740893, 9.91665499726195, 8.602838762183781, 10.353049253185732, 10.190554105673243, 10.141816532269248, 10.562416948053674, 9.826054785012575, 10.291523537703204, 9.875336017365674, 9.7822894826222, 9.781327730374072, 9.911908440173963, 9.819755541468172] ,
robot: jaco
[7.01726156325838, 14.297396319357825, 7.167076684122081, 8.618908835208257, 9.226950744548072, 11.42089109318819, 9.211786259715762, 9.39381958958787, 14.992861989134276, 8.242634775521259, 8.424597838760524, 7.195750987980839, 11.405061954483573, 8.210126599877851, 8.584677722364994, 7.73017841096896, 8.789967549524626, 24.224681475953904, 7.610332836406009, 8.135508261420059, 7.963273360804488, 6.7739847868513525, 9.446130328084703, 9.06803899964165, 7.459064999446817, 11.580831674773972, 9.579924318656001, 9.736439460101884, 7.75235187266216, 8.221522981001998, 9.703538160391098, 8.5494658928288, 8.941338479544655, 8.20705323154417, 18.121991284456634, 19.43307481772793, 10.629319432141275, 7.800291983826261, 10.367104079456757] ,
[14.048787212491353, 9.337461771937102, 12.347765686167559, 7.890295234242337, 10.981359480927976, 8.803505112082178, 8.524363563912303, 9.510851479706103, 7.097830900950262, 8.798101102949351, 10.834535076552804, 6.380338641285347, 6.7504974197638425, 7.008672384864654, 8.162632335548071, 12.617346141176279, 7.747970011718502, 19.221827360517608, 8.654882226438628, 10.008285689849792, 8.134088215060315, 7.580734444393203, 7.07407942339726, 8.740451248435837, 9.551886575593336, 11.371909294537177, 19.147293504621842, 8.673922758473962, 8.238653198629228, 11.80440278619601, 10.766425081899843, 9.541779111744935, 10.666548349966694, 7.690447813431429, 8.949146216615217, 8.609951603308382, 8.06957063775258, 10.444713554031779, 7.363111179773283] ,
[12.5153538440536, 26.408951876074845, 7.013295154026237, 8.509574973250503, 8.448245269546915, 12.08471922729561, 11.289436673367986, 9.53472046271907, 7.908006026019745, 7.798071245978606, 16.644739842273548, 8.842111374372983, 8.970935589517094, 6.991532497443001, 9.153303084749572, 8.307888340385208, 8.915680096275866, 9.17879550687632, 7.903775730051929, 6.717522012739855, 7.4639644277210415, 10.334728598905116, 5.9533090735555865, 9.049625934505995, 8.828282227495984, 7.4611203013990215, 9.71034851220448, 9.022617401413516, 12.631087743118057, 8.910043890461905, 9.68132922405065, 8.693119267435938, 7.723094148426988, 9.46258378288964, 8.811249841559624, 8.274311404490637, 8.100277714621269, 13.956426671295477, 7.68101064051187] ,
[14.459655024173802, 15.39517686735006, 14.433192418933777, 8.386323146446916, 6.947202751866082, 8.528152409817286, 8.803935959124672, 9.242158419558015, 11.490587964488295, 10.686135849208918, 10.652699111758688, 9.963660953608372, 9.793137323847132, 8.552104785890567, 9.86835377454297, 6.75790208745909, 12.291278042245432, 14.900154891130553, 7.742103127882845, 21.04625542387996, 8.344224018414508, 18.748457770229635, 8.340929804458415, 8.161253218172574, 9.849590687274311, 11.82740918110484, 8.904429133941672, 7.428666704465968, 8.70008108403254, 9.863088301781076, 12.443090404792486, 9.874726996712631, 8.081778559208612, 12.576171307320134, 8.325622693051592, 10.400283747093672, 10.048757318141076, 18.135218587739164, 8.27470382463012] ,
[10.867837210646746, 8.29153026516425, 8.963410749006743, 17.97025658083239, 10.398380316352439, 14.955620622384183, 11.792350486056346, 9.86907903605977, 9.294790973251345, 6.411657622474831, 7.455872613777505, 15.883423289218117, 8.636766966391225, 7.7757771607599455, 8.182104098939778, 8.398203403974298, 5.422655173036061, 9.023370110419565, 8.52690589082126, 8.23214806346167, 9.982086869131631, 8.687299313686921, 10.5349864651002, 9.82264516893096, 10.891258942956147, 8.024108527983527, 8.899652284842201, 6.275591363212711, 10.481721120274894, 12.481321514230553, 8.585250918030589, 9.392483180067746, 9.48794664817514, 9.790056313196501, 8.173030698128132, 8.472677077283608, 9.178339423627605, 8.531168358676613, 10.477110515927983] ,
robot: kinova
[13.606945838456934, 9.624069969376164, 14.071563044378237, 17.53909512340819, 5.954557187702276, 20.617779663128136, 6.803678461360318, 6.506001886679657, 6.793134417633138, 12.380563769939569, 8.557811029023336, 8.012087258221136, 7.679929927928791, 6.864066323761792, 9.543157077510195, 7.261749246347966, 6.631195877527401, 10.263975085514668, 9.481584848918544, 8.356027100092598, 6.271551744870861, 8.947176240367432, 8.204955642039945, 8.676998325234687, 8.172569797718571, 13.502816543179126, 7.183277050197658, 9.423870402644246, 9.013991733505707, 8.465809007286428, 9.342460858539528, 9.873408423522635, 8.415193244308398, 8.907028493307681, 8.70637140558339, 11.162672980129365, 6.9807273851210985, 13.469326504643464, 8.66982449111454] ,
[6.303577989225889, 17.700508367188228, 7.685419029567303, 33.171124680429216, 5.383765603072745, 7.061560384933079, 6.959809374520728, 9.00387506342541, 10.668898621103297, 5.455166927223334, 6.939987113295491, 14.196134327536077, 10.447571488347545, 5.942853913123104, 7.463355956016115, 8.412852253237272, 7.170805805413848, 9.616037667886113, 13.494171061118035, 6.184660579749922, 9.211229470701692, 10.82217941165671, 6.892036740138801, 12.949633569712967, 7.399336912828764, 8.83519088314442, 7.774078713954874, 6.44115917365013, 6.3363964933178885, 8.857649286744428, 6.64052371763697, 6.554614211866611, 9.655418608624913, 4.828157349317174, 8.846681831148922, 6.798037342278992, 5.133363855859625, 6.363584415805091, 21.348792338979166] ,
[6.034791283794897, 18.220772881239043, 11.349170231291318, 14.840331765595169, 23.19986148635344, 8.499998346688159, 9.612939537461479, 12.33117385951779, 7.8612030282206495, 6.195421639456693, 23.922604018425947, 7.903060618906708, 6.594332555091701, 6.383834933800467, 24.08959602550769, 5.41436893849557, 7.641728724798365, 11.66965026508532, 13.391478332480757, 10.34407068831219, 7.2290736939281395, 7.603358384057888, 8.569209362189762, 6.915483065885908, 11.736201830015249, 6.007475636569503, 4.715345128129767, 9.628391107330762, 7.940446625818925, 7.555537778218264, 5.432726720265562, 9.024915015161824, 6.471820455385399, 9.054285535318503, 13.476784907812961, 9.356246824404868, 6.593283231475998, 9.4812594134755, 8.999927863946041] ,
[8.366049493845475, 44.89792965965974, 8.726566222260352, 13.011045712381222, 9.8749172919212, 5.8582373768781135, 8.488315071419681, 7.987538875481128, 8.026089829942308, 10.247933797237208, 6.756026650191073, 9.66156306911057, 6.199758400066032, 6.215408951604537, 6.536122556032195, 8.815977719620808, 7.4011972928447385, 13.174285584822197, 5.566820298562352, 6.11071505402701, 6.3865950948602155, 7.938213398243743, 6.768739688586166, 8.313279245143349, 10.158756497331836, 11.178725826941404, 7.183520312043524, 9.17701698184408, 11.49839972306142, 8.70005282720317, 7.653554213216333, 6.141813067732467, 7.180206040860579, 8.436219806367971, 8.94927441086837, 7.532197725333371, 6.793520386067231, 7.492845466546134, 10.082528412505962] ,
[30.23405521201006, 11.02482496435088, 9.425138437095136, 14.529107521330271, 5.326356171670006, 13.347892963158417, 7.502189168004152, 8.109044708928746, 16.920633575239904, 5.956197162638192, 14.373320257039882, 8.40846091675711, 8.43780822744207, 7.547835245057835, 6.7863957987498065, 10.904337330938118, 9.679804141661323, 7.552826603614581, 6.622133854041244, 10.140657122603455, 5.36265198565694, 5.6714402808621855, 4.911586970018061, 8.307814993752842, 8.855724790802583, 14.24993064819991, 4.369793751832205, 7.785519745727608, 8.875331931756442, 6.656498215907785, 7.545843644232735, 15.170433303911798, 9.867625188092456, 5.749983796280729, 14.742713461694082, 6.0501614590283666, 11.676986063883541, 9.063020240045157, 8.215510714113082] ,
