
robot: dof2
[12.23199729114482, 6.8176683919377705, 8.452452829349255, 8.907261348882997, 8.18951013989649, 8.452092558294911, 8.380720418602635, 8.557003880588026, 8.574379566987536, 8.304979824771726, 8.538569792739114, 8.310293613188923, 8.751551988217273, 7.689727264133234, 8.649958859021755, 8.779268950371911, 8.670076823558658, 8.357072279871373, 9.014395048115825, 8.67503556244691, 8.611346593648925, 8.695667248381966, 8.144344799076405, 5.6320501173331445, 8.675172530312286, 9.088502264964317, 8.586172650630658, 8.861481677573352, 8.583308495790588, 8.464334435875129, 8.82161562745003, 8.659573317960414, 8.754311608598154, 9.11657859705446, 8.750889229505786, 8.81679974326814, 8.963272111252802, 8.567305173571771, 8.520363841848212] ,
[5.014331826596144, 7.075132652076762, 6.232415155384958, 7.678804545330248, 8.130725830463666, 8.559114500368192, 8.56419213768275, 8.633550842350388, 8.646049594654476, 8.46017549385116, 8.052030831251834, 8.389551790270803, 7.783730218930987, 8.731701954965796, 8.565887305412586, 8.417907032993105, 8.544866502102478, 8.58743633453287, 8.642547704662881, 8.76025279256957, 8.685832243693362, 8.42588767261554, 8.614413487667827, 9.011222237005489, 8.671765723973243, 8.179005008620688, 8.29545281893132, 8.623450248176242, 9.024886765862906, 8.820337301371177, 8.530909553269039, 8.367609036546607, 8.241757853289043, 7.953383768480766, 8.59918266811876, 8.729619198357438, 8.869022604162017, 8.25699898596056, 8.61436740096001] ,
[5.55217107029737, 7.361857003875057, 7.509846164560429, 8.120121001171372, 8.824955817288926, 7.98707858214158, 8.487725409408911, 8.725263817538904, 8.35538142237786, 8.213482320369284, 8.959527245779007, 8.447051793780332, 8.594623129438368, 8.428472736873525, 8.574238881223632, 8.383920649501196, 7.945445842744551, 8.790253819318398, 7.4114965877926995, 8.762334454601444, 8.669005687000967, 8.885004909787538, 8.678615889611006, 7.701425532159776, 8.932164600106061, 8.493143189533297, 8.636652579164721, 8.22719662909035, 8.400551548760797, 8.539887505951743, 8.98419881233136, 8.658373074495506, 8.83311168473256, 8.60462891593493, 8.186959167124519, 8.475787224647169, 7.042774247358354, 8.92969325284788, 9.183752696166769] ,
[4.271495119880148, 7.085155786957561, 8.001143726723976, 7.01146836003878, 7.566339589652534, 8.064878246229526, 8.782082781910862, 7.8967741442462245, 8.660949853171543, 8.45831471334489, 8.339544619982332, 8.625009813018528, 8.298553294999483, 8.656197194524013, 8.291608130245862, 8.596871240413396, 8.536872041087117, 8.994412660893062, 8.332726359442074, 6.125370123231595, 8.994166708146063, 8.524515803650315, 8.145929927635006, 8.245383194251827, 8.93309302907651, 8.423941079010053, 8.884863351563299, 8.538609508490886, 8.680535727530593, 7.038102456806989, 8.581638129250011, 7.871646394722335, 8.365008112882371, 8.87397908828245, 8.54447125821984, 8.67439558835232, 8.126609620247102, 8.712856737348112, 8.201060608469046] ,
[5.429045379099632, 8.165009820711711, 8.062762786919317, 8.149693992704904, 8.536948825886263, 7.661493906652639, 8.660149022595986, 9.075190596835965, 8.301839596900653, 8.657167053057995, 8.518488693317153, 8.607660189198358, 8.721662599487564, 8.748600798164476, 8.686324720741723, 8.33416649130309, 8.65902281688459, 7.858896851337992, 9.134060934351714, 8.479722577559354, 8.605560301909101, 8.60751751940203, 8.567354401093423, 8.18313829812003, 8.519139881444005, 9.06890182575965, 8.940972871219037, 8.565673647038848, 8.507420820290923, 8.809737734450241, 8.95381350597022, 8.525811598984843, 9.0397089544121, 8.768154493837857, 8.608347878276689, 8.894377301145223, 8.674436754006198, 8.613362123859405, 8.939848990103984] ,
robot: dof3
[12.783948943557286, 9.478442511160699, 7.683403553623386, 9.445019715411393, 9.853858283166106, 8.983688995138293, 10.12283350433172, 9.516704880028584, 10.761303480494039, 9.994472174293637, 9.075644382829692, 10.021323536990268, 9.737347228644511, 10.333112789600081, 10.323123445492794, 9.718666534685417, 9.762865477379512, 10.079278209264192, 10.409562885793308, 10.536802769256914, 10.002600812987852, 9.984457528221238, 9.92857414698182, 10.100315948073508, 9.943362575611475, 9.72374269957526, 10.206232923715202, 9.97197610629867, 9.966366101270921, 10.090124114725196, 10.162839981592388, 9.827639615301209, 10.029414650560557, 9.949060919441141, 9.885172146318226, 10.775109628409185, 9.771873230347003, 10.17483037944648, 10.221050715957759] ,
[6.335114647289184, 10.123452404889528, 8.628085731515558, 9.773359180606004, 9.515539389892798, 10.47495396826054, 9.587122981335327, 9.464065656746088, 9.580895747225625, 10.582456158612574, 10.238579464837674, 10.002738545360264, 10.277023890654181, 9.820165182192762, 10.040852700920155, 9.955752183665403, 9.918613869215896, 9.598406952422891, 8.53790247743398, 9.907040660184549, 9.748086054497024, 10.035119088109871, 9.99516563361324, 9.903586746529708, 10.17304245081336, 10.457403418197567, 10.419704582740229, 10.499248967274543, 10.251598727737079, 10.348461922584152, 10.214016178733557, 10.171313740153668, 9.949417824876615, 9.806811896262014, 10.386287719685692, 10.143449518413552, 10.652989440597958, 9.781860472631763, 10.372364515849895] ,
[9.360297507502995, 9.064724759987413, 8.657522292028965, 9.829203859545457, 9.906094783284644, 8.445775534222221, 9.77726874516085, 9.597925944991328, 11.060932604200145, 10.178494093103769, 10.606206038049189, 10.373474650100395, 9.387125389540637, 9.782736878484775, 8.940694349195446, 10.252568297355511, 9.885868585636144, 8.949117158048754, 10.600769109799122, 10.150373259119274, 10.62704831091155, 10.257439556699632, 9.64935082038117, 9.788619807821878, 9.487963656968928, 9.785807051364024, 9.902464894983813, 9.769331733162655, 10.150580357177475, 9.960699141856882, 9.650822329385573, 10.052584301895822, 10.315483580118453, 9.65180341252064, 9.98937738088605, 10.190405147536643, 10.092640571220427, 10.213367426282552, 9.70600326569503] ,
[9.01788685017778, 6.740527666543958, 8.670298274354964, 9.778599211096045, 10.796694394140196, 9.578461382577615, 10.46432684760687, 9.660293979741901, 9.720534801361405, 9.727465595055017, 10.270493537963043, 9.378461892643081, 10.100486644312953, 9.837729086874978, 10.327072891252506, 10.047189487925086, 9.480951023602428, 10.576027709532164, 9.749169079352223, 10.447331907921098, 9.841326994199092, 9.79961588114943, 9.692305308012127, 9.975067608589333, 10.225318549208867, 9.499757654341494, 9.690069663437182, 10.213087698289616, 10.269780927848702, 10.04549199096961, 10.736041493370848, 9.608405763911854, 9.865655271845434, 10.305976472399777, 9.155529434270269, 10.295509212488978, 9.987680140122617, 9.928508721171651, 10.353689585946737] ,
[10.319737252228887, 9.684697971585845, 8.45994433308892, 10.307726853177702, 9.636662569388484, 9.87403840833988, 10.076061502981723, 10.721811331109754, 9.275068628827466, 9.825385101735398, 10.548334878579414, 9.55322442329502, 9.899276211336165, 9.980754109169295, 10.89955447353767, 10.31683094088999, 10.325404182757197, 8.748355359894315, 10.08234214313926, 10.250194054846434, 9.54744886175879, 10.109721637858929, 9.704534945325134, 10.321245405965918, 9.884469909750283, 8.839811405414375, 8.682348020383875, 9.98006684841803, 10.16940312935398, 10.37607010697082, 10.457872328997128, 10.239111851478382, 10.30372974258663, 10.102752599288445, 9.443366180227262, 10.113897789618512, 10.161816774243942, 10.490722288476906, 10.325788988992485] ,
robot: jaco
[14.455195972546333, 9.552973188835765, 8.440152872552789, 19.21446271036181, 7.4930765231571, 11.868044070273463, 10.138832423696895, 10.450219298184859, 11.070486007007014, 9.618741490562613, 6.969288546941235, 8.724323076854484, 8.595472167598182, 8.429986383490963, 8.861723689300653, 8.118390974465672, 9.339381159717533, 9.425288943135056, 8.759773306593818, 9.437551962528387, 7.477621733006088, 8.9665554931861, 8.263082638960528, 11.971038135486817, 8.541921210172427, 9.494236460822401, 9.532629243438107, 13.002768165156354, 10.67609574715663, 8.345325075408645, 8.35241195924839, 9.691239169633064, 11.008500211591839, 8.668642596128153, 9.335609946047105, 7.919668974330868, 9.63438487330248, 9.92566113492223, 8.295607577738169] ,
[10.003813578232071, 6.204793745214927, 9.757111934681175, 6.847507173043685, 8.587908677031374, 9.407384008362897, 15.106146201460483, 9.723317268144472, 8.925821509067983, 11.063105155247849, 8.705405137436305, 14.496327787722393, 7.617208421924252, 8.10905691082601, 11.37139160487509, 23.419024554931955, 16.112710103502163, 14.54378304848966, 21.062884683892076, 9.690967948000187, 12.761640709269997, 7.952282791977429, 9.608558652882737, 10.977394943538847, 8.301987302442017, 9.658387863442178, 9.778143515937263, 10.315123395709024, 7.7561376932869095, 8.12582790663698, 20.214739112609, 8.194418381890525, 10.003045295452372, 8.022252638511175, 8.957003650693114, 9.208001452555626, 7.941539180675753, 7.584869664439312, 7.712862790464879] ,
[7.8288535120785365, 10.65588699995485, 6.169959547514789, 6.779881356985983, 8.924243706224047, 8.207795125920853, 19.130088813711037, 7.839014664918538, 10.249099056197487, 9.380615031409835, 9.255957857729737, 8.105742415085517, 8.763709652447407, 7.734269917645971, 9.635434009243713, 11.191609622928452, 9.283225277380694, 8.874192897726132, 9.32635779152282, 21.42644616139254, 7.731554444691665, 11.11864436145661, 9.685764399258824, 7.927313175950358, 9.88616264849403, 8.01405884060912, 8.280204303359804, 9.476176920191108, 11.30140720630678, 8.221861486496255, 8.872444683468114, 9.33409819596504, 11.037731826103121, 8.588998252071171, 9.964124498728419, 13.158695745792402, 14.464373348636798, 11.410318854019541, 10.366888387870647] ,
[10.55174555481443, 7.088592936731849, 21.719662237585307, 7.544105274649712, 6.682335355899339, 9.11376456516974, 8.548668247444244, 10.578575806368177, 9.160689128258149, 32.2751433145944, 12.558039636267086, 11.104866132061435, 7.794122540251231, 8.210771993991486, 12.812183060368922, 9.57731013064663, 8.068337790835638, 11.443813725220851, 9.251359126404369, 7.697237372742786, 13.538420732086749, 7.235273964913582, 9.788838800370316, 8.820889378993506, 11.598769592210306, 8.508758277310058, 9.320163949930974, 21.443964202208438, 9.30362909115543, 8.317164070875522, 9.310845846059523, 8.940955778471876, 8.614824658714593, 9.26884314471063, 9.493121545622552, 7.133292595076101, 8.581936839727694, 7.693522888990883, 8.987961450429605] ,
[7.338972077237959, 10.137746564800453, 12.734114187232143, 34.924312318760386, 12.337357415019113, 9.198243336880605, 6.652778218836621, 9.02262097025235, 8.181051742593022, 8.46516226727617, 8.327610296390413, 7.018141435487617, 9.5735494246693, 7.444077874350522, 8.193100143809662, 7.411452387610346, 25.112318448860304, 8.4815039995244, 8.536839259689662, 8.46924725981843, 12.816307361356202, 13.310806302091361, 7.126674454432178, 10.929780343594546, 15.600099498821248, 8.568505188330036, 11.49399418349227, 13.414140568079874, 9.160083226880792, 12.828602849501348, 9.075918066743876, 8.712265890042937, 7.392516480415567, 9.02260170472786, 8.201209735287154, 7.279505536617032, 10.019134352940554, 8.23848447194924, 8.761029990426707] ,
robot: kinova
[13.28679471301745, 7.005372124929715, 10.036322636592558, 13.689431963803106, 7.626431111566471, 14.203137685056689, 15.685849631862117, 6.9964552241204965, 18.834621913518735, 6.633973641473155, 8.214558729544317, 6.920384665090071, 12.30564986542484, 17.08564348376632, 13.781662611831077, 9.343899146830053, 9.33433877992747, 7.2484976381101145, 7.996649210181359, 6.452921376844805, 6.193222594373356, 6.72704973097392, 7.986734213824327, 18.101499130571813, 7.5517490641399085, 6.741140704612966, 7.870530787246449, 7.33024927011933, 6.331316596833504, 5.615710882113629, 10.071838625782613, 6.625926252492083, 9.282512429815462, 8.841608913501581, 7.338606870003041, 7.77108339111047, 7.380444171455092, 5.8364809527749815, 6.942085728569087] ,
[13.23683960621592, 60.53168488035169, 20.626405358419376, 12.288313106250502, 9.266664557761127, 25.779598558336318, 13.943452497553448, 5.255074976769907, 17.00359474802318, 19.62277766826611, 7.659622858662465, 5.84514507248961, 6.394476987339159, 11.833267057645381, 5.792010177871441, 12.064869512947459, 4.126559900190075, 5.910344766339195, 8.111797832712503, 5.314609232183522, 9.431060016990662, 8.527360643514248, 6.040289685691842, 6.988133324693608, 7.457735948030045, 7.397017482104019, 9.705253654845727, 7.20474823704359, 7.271019673062268, 5.6632619985303965, 7.38154547547482, 8.116580248165231, 9.976196473219083, 7.033269270079339, 8.940249318222342, 7.698429383836792, 8.983610429877189, 6.79852892992647, 9.69614323132026] ,
[14.723304305942312, 13.06281335893471, 15.77632408234954, 6.250380660945681, 6.262003894258859, 13.482072666319972, 10.517683440474576, 8.385881171510741, 10.316674961110776, 7.1745452386155995, 11.245465135249546, 5.984515880176179, 7.757727646968411, 17.27446380285064, 7.556324314658592, 16.283122671731387, 8.334724985783932, 6.059383767293046, 8.379961916893002, 5.78470292785301, 6.053300225125243, 9.82503529237304, 9.061901177771656, 6.4780886765641394, 8.81409052825361, 8.558749287186224, 6.768270753759391, 6.93232771566764, 6.99140624420976, 7.823539537335277, 29.566448404616402, 4.830072775551915, 7.7041774542838395, 8.685907433973583, 11.99287774405736, 9.88650181613024, 18.192581918521565, 5.358079128210624, 9.330952764007046] ,
[43.096985043324054, 12.608401991259365, 12.493996910428486, 9.258653901846422, 8.362062403311564, 9.768964525808475, 7.331730727431841, 4.360332815515367, 8.916877062069245, 17.193149359240827, 5.583214613873822, 11.514303584785333, 7.999254871442515, 7.0859047657250835, 6.249148499695219, 8.069252533665535, 6.439609774659954, 3.8261275559224286, 5.94398856656527, 5.341444798688764, 6.5228906771872355, 7.037430109096437, 8.13490815676402, 7.314897582311449, 6.781777514084627, 10.067080557527513, 5.3587496854341845, 8.716726572996249, 5.576971275044202, 6.3253439967526015, 12.077808906209619, 7.523129615498839, 7.503020381553723, 6.3282759211007775, 10.51921985027482, 9.425834763827242, 13.704614169671192, 8.363349556347135, 7.484304626270138] ,
[11.472306952626866, 33.22217780634911, 19.769958076328535, 12.703773012412922, 10.657561587789825, 5.525851168589988, 4.846800409960063, 31.30412275319301, 11.83334062342705, 10.819356670188304, 10.488067365854175, 8.303381503761235, 7.802095026693028, 11.513175499317109, 6.278460283094572, 8.453614482480786, 7.4365928067669715, 8.47171673099316, 6.6395606092159785, 6.458735265906784, 7.7779137480484755, 9.576016998612584, 8.46623344435714, 6.040031930682062, 9.245322093525536, 6.318669861963791, 7.135469172608809, 6.097660468923386, 8.839933862073691, 7.968800088889914, 6.997660672575833, 7.348955398736396, 8.601725477872876, 7.838226952422087, 4.969919137472293, 6.498472072390285, 7.158400560161436, 7.4715879521771145, 7.626402214420893] ,
