
robot: dof2
[7.323368822067486, 7.946428069145712, 7.749232898845062, 7.849327368984358, 8.882804940217733, 9.104913344373196, 8.297891356621612, 7.514387612405962, 8.396491017370979, 8.342268580704639, 7.428407058321062, 8.166727994865107, 8.501033687342783, 8.434175569494272, 8.344907138150166, 8.19708688974208, 8.689802143631187, 8.270994483185802, 8.602681992972512, 8.539458021622451, 9.163053956544871, 8.444357338763144, 8.762213524944986, 8.629546964376372, 8.589832703696057, 8.78570047607198, 8.965053091501952, 8.025583163725274, 8.70023069818499, 8.860894990348632, 9.001264689785792, 8.926847469324935, 8.597172876571358, 8.713435284227453, 8.75597434024537, 9.194910934566883, 8.837188749566915, 8.107937382678006, 8.870509033260301] ,
[5.780612307893715, 10.210073760568308, 7.772855363967624, 7.920415805952604, 9.031369047940508, 8.945197807394386, 8.31191080146712, 8.968984744415039, 8.403002644821266, 7.890955246847591, 9.079395529100822, 8.003204518120242, 8.710107108795281, 8.870756654160889, 8.689397874553402, 9.074170729404358, 8.871904301920937, 8.588617352099805, 8.229162242804177, 8.818561000687021, 8.45400089845984, 8.464089252281326, 8.53993985151647, 9.180932755224346, 8.501544847736888, 8.621837513736354, 8.789374509256222, 8.782952527336342, 8.719739669283582, 8.65820993242838, 8.058883941663433, 8.913933992331664, 8.184236895391004, 8.647973238258581, 7.956670943172943, 9.311589667029097, 8.003703569861903, 8.258691569270427, 9.090128511784009] ,
[8.150340638525249, 7.205443421706665, 7.937762523669647, 7.903743875623917, 8.375956696005696, 8.420291452846621, 7.070025535285268, 8.48329645080653, 8.310401109974995, 8.461115634177924, 8.450123560661025, 8.080210402334245, 8.593805475337735, 8.959177019853467, 8.368957969504512, 8.533913619997845, 8.684747457237547, 8.562321178766343, 8.979908835810939, 8.758227061072382, 9.04557229770018, 8.735565573395945, 8.621459045553731, 8.58457978722676, 8.281295189785238, 8.936346159265286, 8.699828302415998, 8.875771279385196, 8.702839740503421, 8.691079188725565, 8.774352584321159, 8.574224320068875, 8.715957552243266, 8.650415360559672, 7.85330480126788, 8.675203518508747, 9.03343295017777, 7.548030387613988, 8.903088874932134] ,
[6.487857551495031, 7.167812253696859, 7.8703759479628665, 8.64330482258066, 8.32211787138688, 8.22840392674112, 8.568891425194783, 8.603587453723922, 5.543165662955303, 8.953694482736617, 8.673049637270172, 8.201694372541107, 8.075652097412835, 8.252919907510336, 9.186606469201301, 8.627060664592632, 8.239202054503568, 8.726515729167767, 8.65022787706306, 8.605696896375282, 8.552771089617886, 8.70573347312271, 8.788196454533217, 8.929600888415367, 8.886798525880264, 8.765699926535074, 8.821189228696031, 8.920541742719559, 8.1818415980117, 8.860971551530904, 8.742993109311998, 8.689920199923412, 8.794928033054305, 8.808665953416217, 8.688172273298223, 8.104429726908268, 8.506263724725274, 8.634760052604511, 8.414628091020658] ,
[11.06827988111212, 7.386018523895375, 8.052679279529965, 47.39096104418413, 8.579342751124663, 8.398644206038306, 7.564360637699625, 8.736936089567939, 8.222676958787199, 8.607671487847655, 8.522678617836984, 9.235645879526658, 8.357331515998029, 8.355687463283642, 8.878789188990117, 8.642826871307175, 8.675652396527969, 8.405333047612931, 8.260654030999559, 9.167063377133744, 8.697707903232113, 8.654386347322163, 8.59201226241945, 8.27305437240194, 8.38196286486153, 8.558521885025435, 8.931265602007791, 8.812578866481243, 7.643283173796515, 8.699160854292435, 8.984594669666187, 8.951277019958331, 8.966182791921447, 9.007260418997483, 8.70406383911608, 8.203268027805649, 9.106742163510766, 8.647173706380539, 8.07380255139859] ,
robot: dof3
[15.522573274080502, 9.346321539083137, 9.736928577396846, 9.677023269068675, 9.466237984201852, 9.435627327265035, 9.973879200833984, 10.590588744594038, 10.023636593875215, 9.525003749745656, 9.898602158996114, 9.480497618912485, 9.17467388891096, 10.728977975511112, 9.650405982699441, 9.84854676411684, 10.12515349279843, 10.1023181983287, 9.891006061151545, 10.14561860998575, 9.987190825613826, 10.037071054707464, 10.524818504629735, 10.066885040252425, 10.541252299642702, 9.565882986394513, 9.85578816223123, 9.62759489317221, 10.41451656751872, 10.32379734691102, 10.35394561802497, 10.145150455834344, 10.262379487498682, 10.070135629346424, 10.075240707907279, 10.194563485082856, 10.354825128094804, 10.488210856198853, 10.166796193317138] ,
[10.793602073492888, 9.045308642151134, 9.928015194045459, 10.775672817446287, 9.12978111204569, 9.709009580749727, 8.200228745288605, 9.464152035676085, 8.483528226432675, 8.162959607945178, 9.4602351172082, 10.06173844822085, 9.18366862157331, 10.046248310572343, 9.890995342845487, 10.499571087258746, 9.436583685743035, 10.014900642559331, 10.117945467461942, 10.11300142165072, 10.2708317126801, 10.105377462767088, 9.912947216843923, 10.34845572138865, 10.00646655759186, 9.83804432916796, 9.826020105479211, 10.216299417516057, 9.910197343987722, 10.08624762299811, 10.28226145306294, 9.891076484075352, 10.369756777116445, 10.449299529073487, 9.866112368959895, 10.044431021414988, 10.073275542899252, 10.125985613373473, 10.062440509974152] ,
[18.656149825530306, 7.644620452114248, 9.965175105337929, 10.508062078944311, 9.271232885390276, 8.815071123112322, 10.073053764677828, 10.474678447275746, 9.41616243401479, 9.599781378505988, 10.224884686266444, 11.029724680175281, 9.916753382635582, 9.9859173633947, 9.606780936575705, 10.350459688816722, 10.69772230800644, 10.273212736469757, 9.709760747895302, 10.461922945024728, 10.23767023990405, 9.635984622586369, 10.11893300997196, 9.852105725244503, 10.780269217486182, 10.049452779695468, 9.980277761680314, 9.948723031687424, 10.820637292884305, 10.125382710887193, 9.850828226947028, 10.19745645837617, 9.790539783560876, 10.243869272861609, 10.57892720333905, 10.261858157196801, 10.590600180275484, 10.260839293856872, 10.282021920626962] ,
[12.463297471638791, 7.965795595850613, 9.302489147109181, 9.324495712188293, 9.922250110650767, 10.294964962289258, 8.656712620238846, 10.10748669215455, 9.049612799168846, 10.22569132843616, 8.351656428147145, 10.423385435266221, 10.672143842270179, 10.384039822888973, 9.645787668327793, 9.964717002795988, 9.062900951208285, 9.314495820529592, 9.15100136045914, 9.92116159535775, 9.595764081254448, 10.081185812368155, 10.281772358193606, 10.23018386740012, 9.437228173979324, 10.236206838070785, 9.79552576367016, 10.072067954285368, 10.021687654466785, 9.997753702219018, 9.773746276634695, 10.172745784833864, 10.238789552791205, 9.750806363157986, 10.252309993799045, 10.148728693863898, 10.130696611569117, 10.179844515720664, 10.256432150673307] ,
[8.689237523747385, 7.344481995112482, 13.90449391462157, 9.137904926670146, 9.653690654900318, 10.3454673574007, 9.430733980571217, 10.732008101999227, 9.90317270510196, 9.30888201861208, 9.790435555096549, 9.54991192914193, 10.875018159200321, 10.533551815316153, 10.590722215525009, 8.606817211239312, 10.036178801189134, 9.739345901889147, 10.369631830812375, 9.533589181618614, 9.763664827358351, 9.808705694638254, 9.89717145763022, 10.226770503333551, 9.426641204075922, 10.332963249213684, 10.42279475492806, 10.084540922319075, 9.908759170277117, 10.081323415636607, 10.28414097804851, 10.588463059284228, 9.409899762113652, 10.356062898754773, 8.864237828549047, 9.972958388013007, 10.204493543533669, 10.318548123463675, 10.166799245306263] ,
robot: jaco
[11.914514975372361, 8.689596209115193, 10.424970033576207, 8.194667846424563, 8.56280559417557, 7.986938449515174, 7.592275132622865, 11.145604891827391, 7.672841600616488, 8.466228108301497, 9.771724103463411, 8.41172612909931, 11.126125349125951, 12.736340704688025, 8.524081049090293, 10.107251018020731, 19.96177232465519, 9.733097009919057, 12.31759480102303, 33.39965985798124, 8.922839327314161, 18.80495160036164, 8.961600888824973, 8.362951964493368, 9.914667569068255, 9.86370082815679, 16.188419001262375, 7.599477194819286, 11.214462267900892, 7.616252046455923, 10.5163758638456, 7.383576937248561, 9.391390113489196, 12.813292754620848, 8.15837290944259, 8.595471350887294, 8.432462584745844, 8.367131800554448, 8.164717511745867] ,
[11.142892696006912, 9.737734588366706, 14.319935091766316, 14.003015351364725, 11.694351513154224, 9.747898854308172, 7.291421698889651, 8.246413856315822, 7.946937601012211, 8.637955604325349, 7.277202196981187, 9.065701686824951, 21.352845919001236, 10.547787427032846, 11.19686588244617, 9.755858674224642, 8.364238776288008, 10.862058920001976, 8.466862845296077, 7.023903369231687, 8.652791345866914, 10.040644495924711, 8.817049301981573, 12.328900584701632, 7.858058709814627, 11.579765366756286, 8.05091685219137, 9.279155835286808, 10.343047428739814, 7.891394180893952, 9.992519926979607, 20.660939198587446, 9.111606645512268, 8.95409364662071, 8.52139161487079, 9.932559227075355, 7.498386733177079, 9.329617280290766, 10.729428714693185] ,
[11.907425886191858, 9.670975553055785, 10.087384951519878, 5.297556854469536, 6.667384500759958, 8.880563878056941, 8.345944134504766, 8.26368330706365, 7.998665391048052, 10.157866115575468, 11.6181411041578, 11.334052320555475, 9.547192410613974, 8.505547389394925, 11.205396098620115, 6.203305912460519, 8.378607499896763, 7.583925732974799, 12.241295848634424, 9.376188865384684, 7.966728601307967, 12.587368644935443, 8.660656434098625, 8.299759470533992, 7.361075757598241, 10.159524293584065, 9.183774772032727, 8.365929822203867, 9.077480316724488, 9.661197138090822, 9.244033509947009, 9.79174745265736, 7.92035365315525, 8.901705495768992, 10.505177430682798, 9.04823902070296, 7.864752852009371, 8.222233082043427, 8.278912254483522] ,
[24.86637585270875, 7.919999351196939, 7.4354257210407555, 11.117883149950675, 8.841713416870213, 12.73736350307453, 8.756087554049342, 14.758934748787981, 10.01310483430899, 7.4920314353970445, 7.0062919624109705, 8.733509277248114, 9.787556709988259, 9.769775971195127, 8.377842595475961, 10.004334389939258, 15.510109015545877, 6.999396725922857, 7.447534986087254, 9.499883975318786, 9.553014840637376, 8.84116960644666, 6.731469072252943, 9.248645646864533, 10.169503185837131, 8.439571680922935, 10.827819256025764, 8.328728176136998, 8.765851727468641, 9.370056360588963, 12.670965379616987, 10.28588417807458, 8.260928717677382, 10.265877964681227, 12.134137942797775, 8.01748457885883, 7.774360140946888, 8.32459004937176, 10.912178210877878] ,
[7.53899735418837, 11.362293111365858, 10.059682302759185, 7.483310267246673, 8.28427968656613, 25.2510926871166, 11.762825310637176, 13.357359469530238, 19.642288259677603, 3.88542823964672, 12.542729946673317, 8.995933020734913, 7.804266480745637, 8.910820633807315, 9.701250856217683, 11.513098669881147, 14.330454622914933, 8.444993895271796, 11.639515094991175, 7.7069123965847295, 10.329339257275413, 8.89643496802168, 6.659047725273422, 9.502453199358381, 7.634778745758541, 7.889474302486418, 8.65223585390647, 10.120250992812208, 10.701961817066447, 10.148121168708904, 9.818111494256788, 8.063671340983811, 7.2943528969146545, 13.850513226395334, 7.838302723819551, 8.981182125314506, 7.870343821814348, 8.302204813455596, 8.313749891611252] ,
robot: kinova
[14.614098069418327, 7.0847367451893195, 7.992696401954706, 11.97683082362529, 10.80301917230407, 6.3609248138214785, 12.00103871645565, 6.995240059769301, 7.214798675178021, 7.20233786266604, 8.159975691229508, 6.306293930520343, 14.609628867983272, 8.147464400772867, 7.394644563813986, 9.299654480876416, 15.355355522168404, 9.872645781867972, 8.128669021375917, 8.707584413367313, 6.873554344666424, 7.032751711840886, 8.671319379818557, 11.038652918718652, 6.688202529610524, 19.691921302536954, 9.03517822960831, 5.862277514395705, 5.472750028381864, 8.729308737990289, 7.977998346010177, 7.383022648665925, 8.942737486241068, 6.726478334669058, 7.24646868759115, 8.119628600245468, 8.238903494508872, 10.50259153142784, 6.178900532584145] ,
[20.029187204550656, 14.459265132237036, 5.955241864556912, 12.258631877388591, 11.640714970313134, 6.264513321638065, 9.839376282035325, 6.98151624561798, 7.047623516449027, 15.758812674743439, 6.061206923856008, 7.2983124184218, 8.8196648575397, 16.801991565890496, 6.3111115393738135, 7.839695272659671, 6.225464933132416, 11.12560422132091, 7.203106960316857, 8.726653484753438, 24.756862267415006, 8.432977700480734, 9.37987399356133, 7.986262087709357, 7.726570121864713, 8.8437041011074, 7.722440368431204, 7.507526890718561, 6.788877297372131, 5.801955009951426, 7.876556511208116, 8.01859663817911, 7.215567422887471, 8.637207877001842, 8.568114999371755, 8.82525622864523, 12.797739132484827, 7.6621991641253615, 6.073458747523593] ,
[16.012620438273334, 7.664842097637855, 17.550048011887153, 6.117983953228062, 6.651076319577207, 5.922920303854376, 7.549908349149492, 10.866910541077745, 7.209378369485452, 7.189526208108974, 15.91463045983046, 9.91632011501035, 8.665397098912392, 11.032209453778659, 19.86303295751185, 8.912741474477828, 8.244242822806013, 9.292796399268338, 7.071966896234935, 10.14846247245155, 5.762722361929639, 6.240368099505595, 6.320688429763992, 8.174001785171907, 7.077264126757342, 8.31587859365752, 6.799853790603336, 12.316562511340608, 7.167185977919819, 13.20286976209721, 6.75077093409741, 12.198166397426077, 6.31739874616468, 10.38816083758971, 6.285120292980659, 6.783868248262798, 8.100197301632802, 8.42361152108968, 7.187415748414542] ,
[9.133550356560413, 6.371708237568201, 30.942339418967094, 8.149241460986849, 7.79634915246986, 6.8809452115077905, 6.457435601446157, 8.98269057444332, 12.671986005534217, 15.917581347459034, 6.91918948873551, 9.731265221915793, 11.408489416687624, 8.586829926156925, 9.901848750441381, 25.886381626768745, 7.928067820023777, 7.840248287893211, 6.452937681839938, 8.339112292555601, 7.7950580434809895, 7.094345048042162, 7.002020506935581, 6.428631032777284, 10.623091749328784, 22.24936771677143, 10.70967699905998, 8.776184560533304, 9.583347899998154, 9.788203489677695, 11.607244205169696, 8.026294516475058, 9.483178624836196, 9.241272590192604, 12.557802231114222, 9.479872409396965, 9.387946400495647, 9.287940973036577, 9.840879001719689] ,
[12.155669366123082, 6.104146654847381, 11.689598985301446, 13.583796150235887, 8.852327159202025, 16.343814374966723, 4.003855239855916, 8.848255538917522, 14.991420908356389, 8.406918244805812, 4.2841471607546255, 7.094671599761205, 10.098772427014389, 7.9832505612818805, 11.221202886414037, 12.41044689632492, 10.85113134441784, 8.12415460461911, 24.64037056032548, 8.41918707890255, 9.394017902467217, 10.753184206481896, 7.370241777346295, 7.834488227141616, 9.080309221099332, 6.66292630022836, 5.753773714158944, 19.15594534089263, 8.159607400173433, 6.722770847836585, 7.468513542864965, 7.385773583699239, 7.900496222915358, 9.891234326529522, 8.90996369768204, 7.033444289278932, 10.045819046119831, 6.585387385155058, 11.931531774509141] ,
