
robot: dof2
[7.578809256654532, 7.570455559313398, 7.70001501128157, 8.158265711157355, 8.32537395146268, 8.554232641295325, 8.569394732877567, 8.54437950689315, 7.996271133432192, 8.52923614993149, 8.439734662503797, 8.69851092450241, 8.755993086181201, 8.5719259129518, 8.67814951033979, 8.920094341793353, 8.59167439527724, 8.688757915374849, 8.265670413419103, 8.708488003948332, 8.578685172797702, 8.221974752933347, 8.348667660473815, 8.595987534663095, 8.771939730803092, 8.533248302601327, 8.57051770979888, 8.465605111611524, 8.563757348950913, 8.985974010731798, 8.54388560311482, 9.169154970842206, 8.901135045718018, 9.126801162231777, 8.405302190451058, 8.31818322823932, 8.365118110410537, 8.869912478497623, 8.809562168347522] ,
[8.749157525413509, 7.640792497491622, 8.031075816777685, 8.624125877885266, 8.299559765012795, 7.790520349108178, 7.750233509921159, 8.25110938122612, 8.159372309720554, 8.830698533799367, 8.234766901779073, 8.523742646879175, 8.240011904055992, 8.418105338976622, 8.812240637340858, 8.537066806850769, 8.152734053044828, 8.852500532015227, 8.274282508144257, 8.034588337336611, 8.651049373036487, 8.385233198866064, 8.66356804146198, 8.622585207953316, 8.305629692149816, 8.48708108387972, 8.414461315213615, 8.70269399478245, 8.502506845971272, 8.690545351384191, 9.125877967014786, 8.415598106906883, 8.904008921775224, 8.718401053632121, 8.439379575477098, 8.80777098946887, 8.615324756484712, 8.703517702401138, 8.812927441024852] ,
[5.263169026810115, 7.739837447918189, 7.839315910624846, 8.493032297550064, 8.001808161090445, 8.717161746026141, 8.234948770552267, 7.40346492184606, 8.379345685692199, 8.693685909014343, 8.161382011683003, 8.976652173743723, 8.397387845966279, 8.608995577333635, 8.026823712186632, 8.82753031964884, 8.906268594997613, 8.570822326600517, 8.958795173899482, 8.864688293274403, 9.073874037369052, 8.78900814853196, 8.64235993655109, 9.099346390998011, 8.10043214711889, 8.750224619163435, 8.764266817625955, 8.951603527438355, 8.709772046814528, 8.50757802074357, 8.657160649770285, 7.993671535780441, 8.688467122896965, 8.459403163688531, 8.645659523222042, 8.7777418475682, 7.975888816695942, 8.44223190002512, 8.7246072096151] ,
[4.894217768941748, 7.068045580473944, 7.837557524472764, 8.254295036535343, 8.238310221309414, 7.9062988642000445, 8.573239884120651, 8.345486690403005, 8.800113547078926, 9.050625253476115, 8.483512419652499, 8.170859615032624, 8.285928233502455, 8.200555476970022, 9.16925184126961, 9.188303335785099, 9.095671334598714, 7.504269255027694, 8.229186328813094, 8.670054974075214, 8.79017269261554, 8.804147603047682, 8.496555067387192, 8.590274820657804, 8.599911097934715, 8.857578436227492, 8.923540325801804, 7.931211921483092, 8.53372760211665, 8.775859977005165, 8.509468765444922, 8.625450967146937, 8.905743797914738, 8.753155557161506, 8.259505063927332, 8.70803726242649, 9.073107549299138, 8.296639876235714, 9.052974625913867] ,
[5.8793739044741, 7.5161473145751, 8.446038640744831, 7.582114363626573, 8.726082509130613, 7.539205872097725, 7.427989747583396, 8.200966676174499, 7.885811727785505, 8.482941576212495, 8.561291296030495, 8.256084538219232, 8.184305791644501, 8.816648259540525, 8.45614202396137, 8.313046564053144, 7.79351903556568, 8.555568123181287, 7.922766855666207, 9.008798685033694, 8.813853299212266, 8.965605440604207, 8.811827263610226, 8.57803048298899, 9.203497876962922, 8.78066923777554, 8.648237073957443, 8.579377798502025, 8.220111689698355, 8.646865422025936, 8.809347831497963, 8.778130563665831, 8.449558088784508, 8.90609230489118, 8.213593677613847, 9.013129141236504, 9.135869576082014, 7.813807652087668, 8.872357103241303] ,
robot: dof3
[6.262939689081047, 10.94956472492735, 10.427336315952973, 10.097024018111917, 9.36992352173138, 9.302927526638205, 9.860309935283507, 10.042845750199124, 9.81541088330202, 10.40342613158454, 10.148390918924601, 10.350691324486313, 10.034640574986952, 9.860900820273448, 9.832815005179372, 9.102217436071824, 9.837361569790993, 9.805350186900338, 9.996572804921326, 9.459668764256483, 9.489264865562498, 10.014427773513205, 10.318570250674608, 10.574489662653633, 9.668900603814679, 9.890968857353295, 10.353356710288361, 10.26538374113054, 10.027137677889053, 10.321241266356289, 10.230445656131288, 9.831295765194223, 9.972841546665263, 10.577438973756008, 10.072412582130045, 10.426535940330629, 10.10537034669699, 10.34454504950042, 9.788752445878785] ,
[7.7932416568369804, 8.007137762962804, 9.954128435546405, 11.815120166532063, 9.758669146063703, 10.484140172481592, 9.798589293886423, 11.151118006454666, 9.622957905481233, 9.105196384741172, 9.913999816436371, 10.05944419157808, 9.584429380515452, 10.673098946753496, 9.884967224264592, 10.761125038955965, 10.607662364537653, 9.276931719014947, 10.391119581593177, 10.236856252307089, 10.387121976203884, 10.323966979285924, 9.810753068280135, 10.456402037497464, 9.892057492060749, 9.97351634488936, 9.98553025069028, 9.97710264362696, 10.168660459545832, 10.174017253283946, 10.2509328018457, 10.106102693103864, 10.248133007769884, 9.47572484599669, 10.152906553872567, 10.426915450636338, 10.608538342426206, 9.67115607413436, 10.074118776932393] ,
[6.638770068249789, 10.434961800857938, 10.418699091997684, 7.967328405862176, 9.228187436999525, 10.42190237780706, 10.393134717253833, 9.497749358751964, 10.136111182825232, 9.278717243073347, 10.664126996201484, 9.884284877203735, 9.519377966893662, 9.695971371538958, 8.762595986515594, 9.509582838762743, 9.716481226006422, 10.031397376745337, 9.497724542228214, 10.106565682070837, 9.74633798557183, 9.718508201859933, 10.177354746428636, 10.135196453925253, 10.05142999525932, 10.251200854757256, 10.310852358943755, 10.346132050328835, 10.232425056679574, 10.356867480020423, 9.837706571021476, 10.152111498147733, 10.201734885726355, 9.922989059049359, 10.259102697718088, 9.900142085176952, 10.23774780158033, 10.241933294515702, 10.167538569856289] ,
[5.992744010816834, 10.11908486898603, 8.177791291366752, 8.94685671846773, 8.589737506847976, 10.660273591231862, 9.80508793182985, 9.89290033479557, 10.225201690585791, 9.385651028276106, 10.226463667745778, 9.857218088756895, 10.330364392842377, 9.971830475825959, 10.161662506593396, 9.868439125635112, 9.333093973882539, 10.175764884234383, 10.03171931627415, 9.632361612488271, 10.390330515320487, 10.073593563758855, 9.87488289208703, 9.371715658328023, 10.451353872422114, 9.703838604966554, 10.057942435188478, 2.0024076769005186, 9.999896633830621, 10.16892233052561, 10.322012250494096, 9.825145828633504, 10.604087221300174, 10.169092827793854, 10.238603196166977, 10.002643168306513, 9.665061203163571, 10.37070940420754, 10.252765721581374] ,
[12.315875185989572, 10.429163014827845, 8.99551158073061, 10.92865889719821, 9.748030585842805, 10.167777109867771, 9.852624183563364, 9.323904278651813, 8.99674572043577, 9.762441194350044, 10.08309119408642, 10.10427114800783, 9.4857985830363, 10.337520122546056, 9.296520294396283, 10.011437559951432, 10.692002890219525, 10.250571067244715, 10.05258892014722, 9.786193074336422, 9.38942462796202, 9.887989476584995, 10.299325527450693, 9.409362210758372, 9.849541309104344, 10.038399067690609, 9.794463398407219, 10.26342611653112, 10.129630347805021, 8.737099415939621, 9.941741099896458, 10.23038913742565, 9.413309415282491, 9.696383448250593, 10.106644256781754, 10.227132121545928, 9.713661116961092, 10.211515461858431, 10.438183760798005] ,
robot: jaco
[12.117419334945444, 10.926312732963652, 19.85569151199446, 6.854093547482082, 15.580341638890419, 8.211021021359329, 11.025812249979495, 8.462497175598747, 7.776563635344657, 13.364732950136808, 8.097371067278466, 8.108850882088522, 7.452263557225008, 10.87555973863449, 9.270750530963092, 7.375582702487243, 10.96845780139293, 8.412885690071457, 7.748399437405789, 9.027343025102995, 7.326677085219333, 8.495955463737506, 9.641640385831172, 12.762658742674757, 9.486827660443742, 13.144587697569223, 7.640028969362214, 10.139795033550108, 11.519237203000841, 8.320358583813688, 8.42917467623136, 6.003667070892108, 8.447371468062263, 7.501225441242402, 12.947391521968946, 10.157047956286728, 10.722900475702428, 10.590047194722905, 8.997863086127657] ,
[7.075983182987211, 8.278913304517399, 11.656503735669316, 9.168550139256283, 8.833178669724708, 9.818349542059792, 10.220570318011257, 9.64684101757288, 9.408644353290198, 10.722755910935422, 8.357908354591165, 9.810968782358023, 7.985604121933908, 10.899146819460968, 8.970929675327108, 8.506448100646029, 10.552164735463053, 6.862355349985573, 7.93101641765136, 8.816686488692831, 5.807758319988327, 12.5422462353635, 13.369772736327333, 13.72610852256977, 11.649117160509183, 12.264913512501213, 14.646410256380602, 8.706765890806532, 7.233837658863568, 9.859858858449137, 8.629574849894967, 8.898177227393907, 11.344597459690249, 9.768201961719456, 9.194006103985528, 7.872161871845298, 9.802511604656337, 8.24944745177054, 18.03599288173602] ,
[28.478939949727813, 53.792541456111636, 10.6647375256576, 9.305687653721694, 7.782872365408716, 15.980760502230256, 8.444575175738695, 11.371228158371707, 9.879517442466705, 7.291653727362259, 8.793981245971244, 19.271767583031608, 9.920484199890202, 7.558137959093125, 10.892027815950996, 7.004391754940925, 9.988940463827161, 8.27616499480623, 9.96095818867469, 10.398313267414833, 7.4758775056502635, 8.512856013219539, 8.501493492761895, 8.39203973378945, 8.296794891280417, 11.668756851227577, 8.695135361206846, 8.419784543411467, 10.942988703911546, 7.770277266993384, 7.4581867822017465, 7.938793798909714, 9.871055350956523, 14.420921624255637, 7.4809354286822884, 7.855182778350047, 8.186174197062748, 8.08243042003474, 8.377737628433005] ,
[10.75880343091461, 5.3093031411125065, 9.03287670255994, 7.63378019250877, 9.7044647443421, 10.970911381991904, 15.838932431011209, 11.427565502871756, 13.704908276510778, 9.21032220593904, 10.888233712420185, 8.83901827955399, 8.092314111326294, 8.806046331377512, 7.924870581731845, 7.6745892758695025, 8.931468445022224, 7.2852157565622155, 8.53715089074919, 15.258320230338509, 8.449563901936191, 8.623737545304309, 7.980307376829004, 10.445666085993185, 14.275478404494951, 9.325477499394704, 12.003728447131316, 9.042466465695354, 13.235836775508314, 9.85199750970962, 8.456879439578149, 22.603264612417476, 7.931775958834449, 11.173299336353494, 8.61837400895859, 11.114579193963113, 8.204438705553537, 9.967454681619332, 8.496763400370673] ,
[20.748563216117194, 12.006083102891452, 6.471957871715796, 9.145441105607397, 9.723153429642231, 8.856431539542685, 6.88934867379051, 7.7828862094366045, 7.5781692329522725, 7.662225884552503, 7.989007054268946, 14.335086420440286, 7.809821247888986, 10.708458111958024, 9.744849923462692, 10.41178239562148, 8.268257359893541, 10.143214150911945, 10.551607140986269, 12.603411402827133, 8.55948096789556, 8.517586435926468, 8.702091871226793, 8.176806573977018, 8.526803701868928, 15.796093090022357, 9.09578270221433, 8.402028282727176, 9.942701070893644, 9.704991151879808, 10.720363049846563, 7.705059989124911, 10.56919476105448, 13.862215212440816, 10.150098089916622, 8.156615793744189, 8.438774421633093, 8.43795986136447, 8.073395960378557] ,
robot: kinova
[19.548091978934117, 33.206823606526605, 15.44334322887201, 7.173193886225152, 17.373242246450847, 7.643174524705213, 10.183956005868934, 6.692515950098519, 10.555926465994059, 4.659904610873182, 9.911611227851962, 8.127293805253325, 7.72830598530018, 6.789780751576488, 11.383696309730842, 9.086594797765386, 28.99675486858122, 5.180020494798169, 5.808697407825716, 8.918471176911682, 10.397828743042414, 8.45119773698349, 8.980514039031608, 5.774437216609482, 6.853530418954443, 10.44091695176538, 7.30790044363245, 5.0080696195301355, 11.10426616871598, 5.7016660401331825, 29.381911287746885, 8.007045938714045, 6.7487276659843936, 7.234179210230313, 7.849110625498737, 7.093984631579995, 6.662616334685819, 8.472037177094402, 9.899666988071598] ,
[37.02219059994598, 7.586040329392565, 7.596545365598846, 8.538098680532372, 20.550447803328353, 6.91125057838733, 33.84530410252032, 6.761728266517853, 7.561058852055761, 25.384395754205713, 7.304965882370401, 7.522381665760732, 4.856868276445354, 8.363266143059528, 7.7131873933632065, 5.771326693301057, 9.795300917507824, 5.036310485513434, 8.931801681766137, 5.213938344464636, 7.757317218042711, 7.984347616740693, 6.670694825815106, 7.250045227616049, 9.803202786171587, 6.968553455604488, 5.460734289393835, 9.539831680899658, 6.24725000189298, 7.339157361332496, 5.103017432581912, 8.513731133958084, 10.147667628549854, 7.445890817638605, 11.046019125660084, 7.0216557468977285, 8.319880396412504, 7.775544762388939, 7.720876123266666] ,
[44.569788354610566, 9.800072415643148, 22.43791010806415, 18.27583448152139, 12.378056298511343, 7.233552059052351, 24.50988756159228, 5.823119308758733, 6.028280971185908, 15.543289927168201, 6.025044279144383, 15.14125557039281, 7.200177405409762, 7.411677001977287, 6.7026536212704135, 7.073697118624305, 6.744005044317631, 10.570287705974074, 8.271197108814311, 6.3308120774339836, 9.724339110754023, 6.174835644165541, 5.6158416566532035, 6.97923911850415, 17.244013069635603, 6.321522451144659, 24.437275649062098, 7.15176556467242, 6.182450893317835, 7.114884004438102, 7.427923140112925, 8.985580172238517, 5.284440911261509, 6.672854202263954, 7.495633041337126, 5.174625490601186, 17.04687440980886, 6.302483169338613, 10.440324396677175] ,
[136.55095429477888, 13.969909228552202, 9.506383376795553, 9.970053215615087, 9.465221134599057, 16.41755133684215, 8.660499738277734, 15.50095348987059, 9.073245269925927, 14.60641849149383, 9.886704298952779, 8.81444357026871, 7.598286534312307, 7.188427885700868, 5.825775443336297, 5.821133021157495, 8.974562112789721, 5.19573492875852, 9.626496101930057, 5.877653536995039, 17.26673447001904, 10.564480296695546, 11.185873293833184, 16.531301432146936, 23.012495639066962, 8.518626668596138, 7.474563297073932, 10.187268525919688, 8.190303853343545, 5.082147053266659, 8.013039173916951, 7.352429439907896, 7.35042078062742, 7.521287939464336, 6.876912775687283, 11.516909438804479, 10.853893118852804, 5.397687130325407, 14.516681047359098] ,
[14.816756571385785, 13.729364978554543, 12.693678348150623, 8.058208131522598, 7.798110584144319, 6.262031903127808, 13.518580466309048, 8.52894720646551, 10.273093325533027, 5.827455753803592, 9.402824473355023, 7.009513593473651, 15.344390972179147, 11.338376746169047, 6.647718802794011, 5.328170078946857, 5.069717179583306, 7.161887742881233, 6.767154527019431, 7.329640934632434, 7.949927987220562, 8.56200845621822, 6.756472955239612, 9.310565290340678, 7.870243315972749, 9.670353062621693, 17.03778737449568, 8.623514517304704, 5.750449872156544, 7.512402777529832, 6.801142832066612, 8.195604565387395, 7.427978510530329, 8.21053737674681, 7.29673315461491, 5.870561799704297, 10.22308474162924, 8.169591887382163, 7.268971897461648] ,
