
robot: dof2
[5.698220291555045, 7.831818652875773, 7.216125879691221, 8.08805251868683, 8.341595987440115, 8.385783421134464, 8.519042855385246, 8.828649487382469, 8.544753527712984, 8.541415633359803, 8.442919564227317, 8.50304379489898, 8.374708421271325, 8.288654088722016, 8.017027484360641, 8.730955478447923, 8.602715118680603, 8.07241816814206, 8.580148954227063, 8.836236853669002, 8.651922376565189, 9.065423622284545, 8.66376825295942, 8.893220517493578, 8.717271837513696, 8.812419031139466, 8.397350436043332, 8.900868559525257, 8.694282580167059, 8.304397471068226, 8.674506694524107, 9.121367018079276, 8.875450443945503, 8.304747319144314, 8.4333743979915, 8.074667425772208, 8.750029088242455, 8.746380515741746, 8.965068187554257] ,
[7.089177495870009, 19.404228325859606, 7.910774252317289, 8.484081729246654, 8.350551991462478, 8.566984261387683, 8.73459183937956, 8.501117371581062, 8.75591293084757, 8.91110831007104, 8.129376971334487, 8.77409549642286, 8.274613105817956, 8.509961734866273, 8.700467065199202, 8.320132295579633, 8.983089897033928, 8.525817606838569, 8.270562008314021, 8.021026384805685, 8.49904452207657, 8.435249761283076, 8.669246456176385, 8.890647856041996, 8.06686150771793, 8.73122573436677, 8.752031196355524, 8.845613239132854, 8.685915769254084, 9.211076285961648, 8.17634970369032, 8.70287843134088, 8.864710279697352, 8.829127402340044, 8.473711834305274, 9.085495439071956, 8.727476725627369, 8.448769350859848, 8.676284364553469] ,
[7.1398270297518, 7.416467607899376, 6.466872535897289, 8.27333904380098, 8.216360704466698, 8.071514205067182, 8.27804111419067, 8.506650260824786, 8.60719801321736, 8.500932481502506, 8.225578783017967, 8.112687131472828, 8.706986284104492, 8.706403014826092, 8.994318500265337, 8.861820689858469, 8.97095635218586, 8.524027798148325, 8.626272901837709, 8.89739523772834, 8.5532744717784, 7.812362280775769, 8.640761291333948, 8.804553302422125, 8.869448309693347, 8.516822947981199, 8.24194286277505, 8.541998790231709, 4.679595677797872, 8.72680516039267, 8.70970589428974, 8.391969519582377, 8.73888762557501, 8.717535382791008, 8.943346393991089, 8.820598646748719, 8.716357244569055, 8.881572226282945, 8.55635839530417] ,
[9.14206764374743, 7.508084585444671, 7.544809668709032, 8.443876484761688, 8.667395523431791, 8.651900925864396, 8.594727004948199, 8.543280405795885, 7.980971883091854, 8.52134083952088, 8.329757926026879, 8.748338922779055, 8.590500982326583, 8.660852213190033, 8.731911791853829, 5.776820354647318, 8.900481547880883, 8.602869004181668, 8.769174169681277, 8.652660532801162, 8.392014973717723, 9.065021754324276, 8.432329247225514, 8.671050071337566, 8.87261448825448, 8.652575756519179, 8.534070817157836, 8.729312023220833, 8.617581821868216, 8.794497872954837, 9.060028681050147, 8.247717484035379, 8.673123349509119, 8.054568682029533, 8.450356111525288, 8.741434397865946, 8.736334573686994, 8.86192629744689, 8.643238674432606] ,
[7.378791987281819, 7.364613721696594, 7.939907983121227, 8.31795812906373, 8.56270271265907, 8.087382118905682, 8.777858131860512, 7.6626307747606806, 8.945634903320416, 8.565852943741584, 8.85738999472634, 8.446341101850889, 8.676680860139271, 8.481378911537144, 8.578169788730456, 8.651468228796555, 4.3362638737733485, 8.64112590762802, 8.460458511102788, 8.962225783668641, 8.432190938370724, 8.779484522323408, 5.615244744177279, 8.810448743287237, 8.580065738680823, 8.712220920251104, 7.9576797777627295, 8.796158290712134, 8.845586169011577, 8.759316751679856, 8.739220331420048, 6.824237116113274, 8.574734550243221, 9.098222940616386, 8.56977584442173, 8.877474435005979, 8.645807086150688, 9.060232207053364, 8.86673008574231] ,
robot: dof3
[13.025691465716179, 10.086038277044333, 8.893209882496988, 12.77821113068903, 10.380981656021033, 10.070240832200605, 9.486846514938154, 9.000283995395792, 9.796245048394338, 10.200803639026828, 9.99724097567601, 9.18363993016087, 9.97330735578939, 10.142402256694607, 9.71551922065354, 10.478880383525839, 10.140109459317333, 9.912067638013264, 9.639185399761157, 10.17291364645039, 9.684973350857915, 10.242149202377146, 9.990816745759927, 9.956070566268856, 9.969820001504583, 10.024058337338811, 9.991132644089468, 9.689426775835477, 10.37767167324338, 10.420656039296022, 10.180271399940642, 9.907109356062197, 10.08439626063102, 9.75383284191567, 10.234830667403658, 9.415417770377335, 10.261028339245925, 10.250640644991957, 9.862745923152561] ,
[11.23702752088103, 9.55673110713917, 9.499926423320478, 8.706253067359167, 8.920958276639453, 9.84182077339512, 8.622914053823777, 8.990159342878618, 10.021383694675194, 9.761809292322825, 9.91500200556843, 10.253610055512876, 8.93824996874401, 10.298348808459698, 9.629557180605717, 10.164596775057632, 10.051353925414695, 10.078711728135863, 10.487651319396146, 10.27137994755039, 10.636178259073798, 10.022151920300992, 10.076004521360256, 10.42944641813465, 9.71621836733923, 10.244245885393875, 10.35984835688509, 9.9028082681742, 9.879621587683104, 10.06989359678277, 9.509401520293505, 10.238639160347423, 9.837475764326346, 10.176130923317388, 10.43003818314217, 9.996413677794255, 10.114186489945633, 10.198759747315902, 10.314811069291585] ,
[13.844552250868011, 8.576030688837765, 9.399695483517077, 9.59156945146685, 9.33805289357361, 9.308977587658193, 10.23592191650783, 10.232920254986217, 10.015783116309747, 10.543832203435414, 9.926787751237352, 11.259860520475971, 9.779193606600478, 10.207688355988294, 10.214358604458242, 10.365082628189251, 10.745265302690107, 9.898618912485581, 9.960164446840496, 9.925891146211022, 10.22617814290252, 9.81204958913673, 10.190094235822157, 10.400849262582938, 10.06333044330011, 10.2271469374211, 10.10286057434088, 9.698650806173001, 9.947127551859136, 10.007323119892739, 9.725239610615695, 10.414095327573708, 10.139889192553026, 9.657998802619215, 10.479437541434194, 10.024722292952783, 10.157911020823878, 8.36522255249648, 10.05430068098171] ,
[15.919004321542637, 11.54539646092043, 9.573687834380456, 9.249892236623277, 9.995892420488076, 9.81503611661129, 10.949986813148067, 9.751466241175748, 9.982458612242693, 9.515476088511486, 10.226287608799966, 9.717453480000763, 9.721391088355327, 9.951408241757584, 9.10030001822959, 9.9644669393767, 10.503575427667442, 10.028405725155627, 9.946598966440108, 10.246090862765802, 10.040452676975383, 10.278465925739349, 9.93559970832321, 10.169045989821582, 9.97205379476994, 9.88264522799329, 10.279217572002645, 9.969208694203006, 9.987828360323665, 9.886548596357665, 9.93669088531546, 10.006071690426433, 10.162411920301977, 9.853210828131125, 10.030408571067545, 10.016478566540808, 9.272357702771753, 9.937603658175226, 10.179384154331393] ,
[6.435361637618458, 9.150735162233213, 9.58698244134957, 9.449231152214255, 9.829002409373086, 10.239941519903406, 9.830234138976985, 10.333683472021812, 9.472427820172143, 9.764997818213878, 10.398254839842824, 9.691008975281637, 10.025196146299633, 9.562411362278358, 9.506370033499639, 9.937925120314773, 10.17676621183004, 10.034821317962805, 10.237557650248855, 10.280262986713787, 10.458400206296808, 10.062647537456451, 10.06690153435243, 10.09652037847197, 10.332605418433866, 9.919938364968733, 10.068457067365882, 10.12974993426391, 10.002850082395469, 9.905823157207676, 10.137735217660747, 9.784670430762233, 9.85307709918262, 10.239523646111275, 10.165474225963576, 9.47667471780371, 10.602462559412865, 10.117008998032999, 9.78023887862214] ,
robot: jaco
[7.7527065738971555, 8.821090391493232, 9.46927258426336, 7.6979189754454245, 8.565786934963777, 9.694257507079424, 8.594765814810678, 25.011095228186104, 8.9224044472045, 6.076251390440498, 9.278892402455648, 12.324751499387384, 11.149771390225398, 9.026721535192523, 7.872617752327062, 8.288965637993986, 8.7538564663587, 7.970518685272954, 7.7721709029386155, 8.075889762649737, 16.7848622964636, 8.495090493639909, 10.095056155250436, 10.753628840654942, 9.314837584798182, 9.246673238155525, 6.082844174093263, 8.647105995808428, 11.313113326202638, 8.811076193237433, 9.236195343650252, 8.65731379767051, 8.809986062428496, 9.894924440326873, 7.545877711958165, 8.650329916704713, 9.919274333420656, 9.242037107828125, 13.858330557329536] ,
[9.186930472518107, 11.64996928399551, 9.294373268661632, 6.400305976494719, 10.794828433273425, 7.91883040331132, 9.127809895764218, 10.19949765182086, 12.402552170248079, 11.165201034729883, 10.135430502755725, 8.85727784577338, 7.841414545982518, 17.92473474957904, 9.758325876461322, 8.046004041120836, 9.407773999519131, 23.89361798322689, 7.199056900888973, 8.566577517642935, 9.479019204468576, 7.25265147131647, 9.339847861850693, 9.662019138230692, 7.426300149140569, 6.1422072276092, 10.707159636499224, 8.071160632361266, 7.6243137030374735, 10.143315591004182, 7.128395474207237, 6.613030282023182, 11.175015896546665, 8.329749434043391, 8.564504397652435, 10.141014439549984, 8.530551266077016, 8.286619204207517, 9.324213891935061] ,
[29.273468490339305, 18.55329009199594, 12.059518149199931, 8.917770148983557, 8.871385799930266, 9.135810040839216, 9.274034334602872, 8.686241725439283, 32.970427759566014, 12.6011930255958, 15.874945043558728, 8.213001439360184, 6.933012135367738, 15.782426285694166, 9.40633831963538, 9.41718688598569, 8.298787688988568, 13.181594653996582, 8.737511423070432, 11.138322792155359, 8.007968729396683, 8.873580565412537, 6.844663684135824, 10.088421416824128, 8.815576134054927, 5.616897726185622, 9.000629492809487, 11.154031941001858, 8.365938733115577, 11.948646199400374, 8.96956480559231, 8.83124718461934, 8.162446414916854, 8.215121031504378, 8.300162804628147, 8.19436715297488, 8.074451463230925, 9.297549850994107, 7.5798291783819245] ,
[27.65355201604093, 7.811055084007624, 7.934902110151791, 54.076314706234974, 8.763468402363221, 12.58111136417189, 8.679150143247753, 9.993178626917578, 8.04494518969226, 9.2933146923993, 7.082099482070525, 9.137453646875178, 15.971246592998705, 14.976163765942452, 7.158085454487332, 8.407612214838965, 8.745153318914367, 8.10780140463828, 8.895732376196124, 10.103360975571052, 10.306138208539236, 9.592754839037568, 11.975879989852658, 14.636016439459876, 10.281605501574843, 10.054184648195296, 9.196264220510963, 8.244746106519818, 9.75854351967706, 10.381668828116048, 8.09797606639759, 9.79866555544647, 21.20399118285925, 9.4772702696108, 15.623490606066389, 7.505160974981195, 8.520825909651283, 8.78028896626855, 9.78663377195766] ,
[14.267769328912664, 25.22378023255614, 9.33401096327531, 10.653765030444816, 7.97131661773292, 16.26566469639147, 9.447366650265852, 19.370570498738495, 8.380673844267392, 7.444736045606201, 9.260996761959818, 7.5745542277818085, 21.627217636579648, 9.201268374823995, 16.35890496535637, 8.167586340776946, 8.243879281036342, 7.814908038933466, 11.508773158414757, 8.214019664888854, 8.559127901890362, 9.422747323967078, 12.670153785208381, 9.509178314624554, 8.22594386196558, 8.226962370186316, 10.082171319763306, 9.034468732412304, 9.412524428746002, 8.815758485033456, 9.951017796714602, 8.139033657557906, 7.94017248074196, 9.034930818652766, 10.046537474787486, 7.849271912468219, 8.260645067428817, 9.20556256559208, 16.66461938277094] ,
robot: kinova
[43.78556810723669, 13.138620490728398, 18.869807012834947, 8.060987947945614, 14.652529497479886, 8.800972141676233, 5.242819963605999, 27.631791101113375, 8.686809975838836, 8.087726100404026, 7.742546758720206, 8.99276123018205, 8.869840474123809, 6.213840171845713, 6.940172095116806, 18.16886625279529, 12.04825454996094, 11.477315923123614, 5.7789360678772805, 5.876274701727792, 6.313958917029359, 6.5048922825926025, 7.643296320994708, 4.255707283892101, 6.309434722491883, 6.145588126306458, 10.644038969177442, 15.75140583718494, 9.300014103056009, 9.164144128566512, 6.189422146326436, 6.776157752465583, 11.767085942763435, 5.714735624650669, 6.685451845188991, 7.306208139121389, 5.7107815255897165, 14.450262741285318, 8.072549048236153] ,
[17.29390442371589, 2.876684323572843, 6.609989783422343, 6.224100102301265, 23.66051605978534, 6.8283517779856995, 4.269814846573744, 6.115602665012553, 9.106925389260617, 9.964762594975596, 7.918551897218196, 4.838975364978877, 4.941462397494033, 6.275549234989423, 4.712710759797957, 16.583585223909427, 8.575325371427807, 11.540854295089414, 8.564695731251717, 10.67741631369268, 11.100588324733565, 5.804937894205006, 14.145102339755448, 8.94850574878529, 9.071764713933494, 4.8518564530495665, 6.844949848185568, 8.106809890678008, 6.532186812526853, 9.157543179287972, 6.629371718114683, 7.708402970917008, 10.670899825529919, 8.291082733963615, 5.912836402165493, 5.623424927117733, 6.446186620848248, 6.933085670427864, 6.606405908539371] ,
[18.007856141836573, 38.32854513056888, 13.212862512610826, 6.277913843632704, 8.827839517005145, 13.632509394888265, 7.05114718436059, 6.042707469152453, 6.525520682428296, 10.561501865912497, 11.926584147817584, 8.818552982523475, 8.509229821630585, 21.753835097937447, 10.474287229837406, 4.764331586816765, 8.93778626838474, 11.009358838179141, 8.198154979728761, 6.43595988102155, 9.42040733900014, 5.885981089985967, 9.574500623276935, 6.299012719974386, 10.036159226101509, 10.720653504728569, 6.286313736014981, 8.132813250254381, 7.487248067657095, 10.470370713371523, 4.893645345338944, 11.604462903473438, 6.616717986727968, 15.416572098510267, 8.642125914905249, 7.5341582912829, 6.939273457703635, 8.344854038356175, 6.210239601892184] ,
[23.23907560177436, 21.239200038537852, 12.060387648202889, 11.689973639652816, 8.646007536912606, 10.179120405477184, 6.269266421498657, 12.75269599492039, 6.512956807009056, 10.834773903916375, 5.917372002623472, 8.237131909387568, 5.783395378052113, 9.429642891597439, 7.103426221571508, 4.96728532319535, 15.30297996286542, 10.356472467327656, 8.227257436219523, 5.867101816540903, 7.248243100103566, 5.605308974049407, 7.932970484817345, 8.173822423125632, 7.030957322944366, 8.01927110834982, 6.589616945293987, 6.603634261579894, 6.076601414452654, 11.182231190914118, 10.2549528707754, 6.5095101731211304, 11.709794178708709, 6.0439481371216255, 7.702181001826957, 69.97324810333303, 7.754187353301001, 7.9659251300238125, 6.819515035849875] ,
[51.01786504053469, 48.36787479274387, 10.694183621087674, 15.053394028505075, 7.136923186712003, 12.528148868004251, 16.55433543999124, 5.3126393970753485, 7.991375444913914, 6.936224282455837, 6.70531395015228, 7.632934431406776, 19.247437210292176, 9.702705251679516, 6.768054268177785, 5.050556165085015, 8.353691042502467, 6.921630035969592, 8.6844353837231, 7.764795818739859, 7.834490894637247, 7.178115298682483, 4.88224834367163, 7.098126040058589, 9.067974542319009, 7.322966991788163, 13.008742058536745, 10.576277260849396, 6.985729811245416, 5.688844715827962, 8.271455736010394, 7.011610532023852, 9.0660090676529, 7.403395248600678, 6.325035026805819, 6.840794226687248, 6.51506890995748, 5.48457010857835, 8.610349290652547] ,
