
robot: dof2
[7.988363900893397, 7.773344579318328, 7.708963834626164, 8.348349679470866, 8.106419809693879, 7.965319031187601, 8.887222636426683, 8.475130332118074, 8.53605566399829, 8.16834720052695, 8.651153535718322, 8.067555015142254, 8.667521858406772, 8.546055907378772, 8.206525986849284, 8.905523606006655, 8.62657881828064, 8.860724767258029, 8.4018259719017, 9.26063897598851, 8.48980015726612, 8.485246899515078, 8.769458366372827, 8.593288749164106, 9.036879502697362, 8.652239486405595, 8.622664436979699, 9.211778423880121, 8.269282755449304, 9.248935781087319, 8.60349667722839, 9.105807169920608, 8.609828202475665, 8.596644430383375, 8.624559888328072, 8.535281357363775, 8.979685580677495, 8.322721466654228, 9.35198867295894] ,
[9.1324223436965, 7.426778267291489, 7.920102074563395, 8.712969721753023, 7.731740264205687, 8.785038900840979, 8.91966502267399, 8.801377923167164, 7.602206190863189, 8.521014880507863, 8.391236071540586, 8.990657854849408, 8.323178531568235, 8.713110513208424, 8.281658308079725, 8.686653913746333, 8.547352831183295, 8.60408651827039, 8.526180064204796, 8.698806018916397, 6.946918265323813, 8.741536198151968, 7.850948029700007, 8.815871537670036, 8.768227105971244, 8.85226587272129, 9.005055563574167, 9.031277710077562, 8.995425872244374, 8.962570828452609, 9.326552862338163, 8.68881228099442, 8.544504896999477, 8.67934809041479, 8.500430577516575, 8.810940837950602, 5.405109860484199, 8.282111377884666, 8.169582053437505] ,
[9.107918344801181, 8.090616041175855, 7.623528159032862, 8.128230993460415, 9.12054128364232, 8.216538167286902, 8.418324924698906, 8.636948729417417, 8.508515224955683, 7.807366778843797, 8.650143684920467, 8.81004556621551, 8.759317115290887, 8.88026602825556, 8.716196876993473, 8.390848041204212, 8.700012760872811, 8.930821468779168, 8.548115291487305, 8.579741798505825, 8.815984577262212, 8.647164115294016, 7.395615483329388, 8.550985754136047, 8.647526483578682, 8.867717260039718, 9.0794980895576, 8.40712599331288, 8.78157183806797, 8.715138685170906, 8.687714183231662, 8.694162535186296, 8.821261676290074, 8.84214294151298, 9.111344956610685, 8.007722807798887, 9.135828163353256, 8.722147133681904, 9.00875018453174] ,
[7.195494609107538, 7.649423823345002, 7.81142064421037, 8.664579577641648, 8.328221040136496, 8.212991394786515, 8.146952993553588, 8.143375537810842, 8.519318532380716, 8.321464680566976, 8.622039185699789, 8.58003420438064, 8.674287590034476, 8.102847024019354, 8.566784518196814, 8.685794164440159, 8.465412361626473, 8.624066979434037, 8.77156942948938, 9.11199255678614, 5.759490363659341, 8.670079258781467, 8.72241755085226, 8.67279036907714, 8.490504602116232, 8.838538579904728, 9.05158014202639, 8.735223832600084, 8.746036714180113, 8.840532939871133, 8.784127863190058, 8.648723679548791, 9.117505212071283, 7.893060602711927, 8.565695302420067, 8.841567480886084, 8.418204305503817, 8.556912447326162, 8.646844925053866] ,
[6.51790571959455, 7.471769131417492, 7.853984052958884, 8.576432803376282, 8.79718447394701, 8.46240358730524, 8.171412443783472, 8.856751083045342, 7.871873077840224, 8.61075658443616, 8.785724193211797, 8.417175526163216, 8.595647237018763, 8.618116697067375, 8.748347796890007, 8.634235198109192, 8.901655969166018, 8.635225615587325, 9.059746685213238, 7.945769634290908, 8.602907067024264, 8.908449871309967, 8.697187861188333, 8.654901857306134, 8.63779333755624, 8.924188645923106, 8.475263098460156, 8.992977989055735, 8.592008887199661, 8.512335449346958, 8.796293253085162, 8.9723568505798, 8.733154784943919, 9.012439643078663, 8.998109935923605, 8.290593855480385, 9.188488774908825, 8.668154461678315, 8.966021272346545] ,
robot: dof3
[9.441877170937374, 8.669718594313549, 7.965198053395358, 9.512980403563237, 10.379188284783552, 8.947377154735682, 9.95955148062333, 9.502308217284535, 10.10992423680121, 10.332526982679743, 11.1743233997495, 10.041804357204951, 10.381357298629021, 9.590987373078146, 9.723395462004287, 9.415860990951055, 10.13703444163273, 9.654000976909012, 10.417773100513978, 10.424721666796662, 10.523449833003474, 10.120132155631874, 9.097028877303446, 10.159534432720715, 9.93812978347955, 10.063264430067202, 10.20942250053456, 9.765681054280673, 9.8774265093289, 9.83590320719224, 9.98794036236399, 9.76968049347053, 9.69711728310058, 10.221111931110556, 9.97686013946168, 10.181760573404537, 9.980366656672318, 9.918835833402502, 10.138895876905385] ,
[9.181235825373745, 11.400259392666722, 10.691593795983009, 9.679742120512937, 9.205009190439627, 10.103585400321212, 10.971270148647855, 10.380142082344747, 10.00402151459162, 9.892568418218605, 10.082471951134291, 9.568374283750071, 9.626451109721186, 10.94960929970752, 9.847791839561857, 10.157743704028604, 9.553852751299969, 9.964358375186537, 10.750336745820343, 10.29571667886167, 10.119294391839425, 10.02970722626049, 10.212600766199593, 9.960928788710511, 10.09818734411589, 9.912630173738348, 10.183634951153717, 10.685248659616176, 10.074966080521405, 10.238055556885934, 9.9386239795803, 10.04523556502111, 10.356098988787314, 10.024622039969088, 10.236568119459958, 10.180122459802083, 10.175000370732754, 10.264173711915388, 10.07771155970239] ,
[11.011005675157524, 8.890864819253617, 9.824448909850007, 10.22803315363907, 11.766300949472482, 9.26784576035572, 9.977382225526988, 9.706204657461555, 8.511811619719882, 9.177415955127032, 10.102768091659499, 9.54456674673073, 11.071304172375225, 9.850716474389447, 9.760078223922026, 9.330643603992018, 10.995735050652879, 10.144626694319797, 10.662308801632951, 10.057078735727028, 9.491252356936695, 9.848758338732582, 10.40249306842631, 9.471701797647867, 10.0024184775044, 10.231873123429825, 10.308082309645805, 9.539692437778807, 10.508369659246975, 10.108281325905251, 10.413745356733433, 10.322792953797075, 10.37692124635222, 10.504279503509567, 10.191973007010333, 9.970214262167149, 10.45058926482409, 9.921354374387551, 10.002446291625617] ,
[9.976315457151724, 9.430895593395196, 7.521862168035009, 8.841449891016195, 9.575622012382127, 10.894149537659935, 10.407019734817244, 10.354358584335493, 10.306944043711534, 8.383321825201099, 9.569256169244708, 10.685267358147822, 9.667909751046494, 9.674747990646779, 9.894584623513754, 10.39120014721798, 9.75948495017159, 10.00885232066835, 10.115507798304563, 10.23761794223083, 9.754517866947971, 10.061689538548285, 9.938517952050972, 10.429461029310534, 10.270734490650131, 9.937182828870334, 9.926391332013324, 10.303078103409574, 10.382741468524047, 10.002693091450297, 10.088395318054573, 10.168802939374471, 10.224578268678782, 9.866392741072373, 10.017199681337448, 10.251849552899913, 10.57668994187717, 10.501413297086703, 10.003559842355973] ,
[12.843176020634795, 11.29580413685845, 9.460615500597125, 9.11233624404491, 9.426482179120828, 9.73001341820536, 9.151043944098602, 10.093097292580342, 8.987052324397807, 8.0888506404785, 9.827995848524132, 10.26197195572689, 9.39916626616799, 9.94335236593133, 9.906931608967025, 10.211162231840635, 10.129661319791675, 9.988108712961889, 9.724159862125719, 10.340598625194357, 9.588984279988946, 9.942538913989416, 10.216767761458463, 10.054850820566626, 10.365230030839976, 9.961233240268726, 10.296796846937577, 9.8116691098163, 10.293498409646144, 10.128718380168092, 9.684902169577805, 10.277428492238839, 10.7703422844303, 10.506124127140495, 9.897099143877035, 10.43747977337961, 10.004831736855431, 10.514702013286264, 9.98847161718607] ,
robot: jaco
[12.365798069708239, 8.308113096233818, 8.199280605018135, 8.33223666730655, 7.687244760789721, 6.685141095512505, 9.222347236760799, 9.21737235392023, 11.972299851193211, 10.02538487763586, 8.30278091607701, 8.010962513714754, 20.77162738831783, 12.642039139875713, 8.912973555164186, 9.764995079454597, 7.099180529102513, 13.174310247455256, 8.607082320093781, 8.20222695814678, 14.07273582547348, 9.648025067681145, 8.819860949785422, 8.896135696497609, 8.174473780146451, 8.683713437161465, 9.338735474616389, 9.448518431017254, 9.623086122805605, 8.134450348907565, 8.249906872209273, 7.242073865166016, 7.816740727974406, 10.435939478647288, 8.562076918099038, 24.445140367358665, 8.243547489708481, 15.106086291978581, 7.328880661530361] ,
[27.129176159027857, 13.485536679583333, 9.132048294655009, 8.14836123208944, 11.552153284145023, 9.496047940039814, 8.199826925620249, 8.785983700614317, 44.87533402986548, 9.503904506985837, 11.80308082287705, 10.119513516292022, 9.581488529969565, 8.823906936772298, 9.658902580152194, 9.819024973211038, 9.170472122807647, 8.36580903065163, 9.761693897075878, 8.318136521932885, 8.914820304166183, 9.618756708887437, 8.2624115156848, 8.69067308718374, 8.969440681540526, 8.332348526895007, 9.037660099279421, 9.111740165517823, 13.034903059135644, 9.566769999049093, 8.20593978180125, 11.264205773537801, 8.401270162474205, 7.991565616912676, 9.756844673700437, 7.553239926126267, 8.116810877384195, 16.880069219240827, 16.2477444969108] ,
[47.4675253655469, 9.7617426603099, 7.7974936174242035, 8.761492199783714, 8.5877064861994, 11.618758294964955, 21.18185211116581, 9.903380550629173, 11.878943924694697, 11.514382839885553, 7.356564534348118, 8.41203562709815, 8.834499386877827, 8.244920490029852, 8.714784217907663, 8.832403741494394, 13.124138594220096, 8.493107031935386, 9.408275287278812, 8.969214464649452, 9.683134370061737, 9.105449509164455, 8.821235918350029, 7.72910637931401, 10.079876246826123, 9.551890508938335, 10.105281734901794, 13.60075737724484, 8.173737395208128, 18.843021770228347, 8.163129556544472, 9.485440276921462, 11.056890782926196, 7.24427864877334, 15.580144932845714, 8.150937764641725, 7.534288406797556, 8.560372046563108, 8.535584767586645] ,
[73.6578641518457, 9.717855517855718, 18.950767779286355, 15.85921172335222, 11.379187023537819, 8.93812581449122, 9.196599974751424, 7.718989363043599, 9.04567009481599, 10.270637417187348, 7.690683457324235, 4.594635103157062, 9.430591050920118, 9.199045591944786, 8.104646069135493, 9.644449639124314, 8.667556902847872, 10.134826273999279, 9.216572790177466, 8.07585509415085, 8.067351504391246, 8.494263895933372, 13.136702159698205, 8.474199384988108, 9.783806206205517, 9.502388608836943, 8.470206280061007, 13.767795851500024, 8.75993525750597, 8.595120765140873, 15.498082128379721, 10.284206918278926, 13.899144661642636, 11.344880880151678, 10.761338233518897, 8.759047170059151, 8.538876054470258, 8.19815342970725, 8.582410723631746] ,
[19.93679404487475, 20.124542959899596, 8.880845645070162, 9.231575780062666, 11.335402843989604, 10.4636605967422, 9.41826298161631, 8.610335947478585, 8.75898330924826, 7.483682018111975, 11.515622376460177, 10.905228442032788, 11.003481386281523, 8.411752574954514, 8.422756707916745, 21.21710936247824, 8.945749942991675, 7.840894209560105, 9.702749704070492, 9.19722890122232, 11.21777597913873, 8.134384969697122, 8.4741986502901, 22.715609261199557, 8.605559250469424, 15.893250328015863, 12.744038023219733, 6.942032607885863, 22.538038863839827, 10.248730781554155, 7.7983513909243385, 7.350570200980783, 7.991060323925145, 11.83747030417062, 9.981658551403534, 11.130632755123385, 7.1791526206206715, 9.791503926044683, 8.82353486373018] ,
robot: kinova
[20.62703953571195, 13.650523464834327, 13.263921453730706, 22.190746957584263, 26.453994490085027, 5.279467993814967, 10.245669932330204, 9.844830632640917, 11.416132644084907, 7.762897043326365, 18.565560872379407, 5.628357322872771, 8.096345239361204, 7.164683398319111, 6.011425260434487, 6.342388884311643, 12.956271696535106, 8.26767945236308, 7.32713042059849, 10.05380146597546, 12.05872464054615, 19.526263908890716, 6.448214773867492, 5.706425509903756, 5.959263079258071, 7.523229837344922, 8.542927682422077, 5.980273232684457, 7.265687489441644, 8.285036261018268, 7.067897691795926, 7.1337601546290355, 9.62067848941509, 6.316699761048701, 7.5218479287984215, 8.54035210071106, 25.557634606138947, 14.297393439503423, 8.189254327338539] ,
[27.96402081890185, 14.608821222523522, 8.364444911410752, 8.136063022262718, 4.519943691072783, 11.796753894789994, 8.36421999753573, 24.509444964666592, 12.830489770210539, 6.891894210134326, 7.705384179343331, 6.256959175352201, 8.157743363496998, 8.065074091428132, 6.09605884690292, 6.049240088273837, 8.918053197518542, 8.622749026810732, 6.002693584832629, 9.001676309981466, 8.566273288445565, 10.334321700873645, 5.683647621580262, 7.38233618430553, 8.99839497550517, 8.516575173381465, 12.958671989199152, 8.995095808121247, 6.435635955376467, 6.563126165484242, 6.8657163939352825, 8.256405701810685, 8.592640612780256, 6.884082287048597, 9.218197865376078, 6.79129227528199, 8.12699706212589, 5.989373356594119, 8.267532755576736] ,
[20.99166683644486, 3.4954734237463514, 11.83114390664125, 6.4548409300954965, 15.43141524195689, 12.86738740194988, 4.9115590285215935, 7.856427242985362, 5.999047466243983, 7.9646757917718425, 9.742845236423413, 6.505720627871436, 11.813668639720392, 5.757782304566816, 10.467887561870672, 6.037988930267786, 7.853580997799556, 8.568455987943626, 7.957431024216576, 6.002681702878545, 6.5141856802061175, 6.7111172306582585, 4.345142666722943, 8.634675556977879, 6.7407472097435575, 6.111690420286132, 6.233937015549376, 7.268769030450376, 6.697993564766967, 8.892885895271966, 9.352713358423644, 5.97231471472137, 7.817458513707123, 8.474589862539851, 5.821133608361664, 5.363890928086815, 11.898687052420227, 5.8087540919486935, 8.709679544119021] ,
[26.665205195966415, 21.889862051585027, 8.551096757280348, 11.080077720210365, 18.53711648584438, 9.90278473321504, 6.140637972692738, 7.6267187400990375, 10.550298132914198, 5.7607004753950175, 7.0648805307748015, 8.716830569856688, 11.489520225806643, 6.333611851981976, 10.022703307411055, 9.846465300668006, 7.652297599304891, 5.684418733602977, 7.223241739395472, 6.395823345225621, 6.026885164943292, 7.190935728547629, 7.684837041070985, 5.218367501002639, 9.570889536299884, 8.114499576686594, 5.969429703151395, 7.433059375301495, 6.137996560605127, 9.378772349078503, 8.416336310063377, 5.3211062945509235, 7.834593515808052, 7.214710675026677, 5.760388890390235, 10.040695944708943, 7.01408182973645, 8.195940342716993, 4.530204756802428] ,
[31.040526729015173, 12.12115099344331, 16.463319814789763, 5.731945583637466, 6.642304533627558, 5.730478107165237, 8.73897178295527, 7.902166831562708, 12.295408341718165, 6.88746629287622, 8.110282704299058, 11.280899353057244, 5.0308607847968165, 6.06606578529097, 14.237057951972844, 8.065509190083361, 6.588716945815392, 5.417319967091376, 5.599619820599589, 7.093977238898544, 6.6401523889155625, 4.856102934160849, 9.440584960223955, 7.122017358584856, 8.936864959654274, 7.341810520306432, 10.27327488963423, 12.135669294942616, 5.400741484427826, 7.779078947241544, 7.087815963248683, 7.974604226653619, 6.74640560718549, 12.92141389250863, 9.402007703395663, 7.722590099460781, 7.822336471661691, 5.481912595788823, 7.4076830432415885] ,
