
robot: dof2
[6.644026954955009, 4.216787501075819, 9.058775068426897, 8.364644355469917, 8.903073231228568, 8.196155453889203, 8.480263717429334, 8.379752992158014, 8.515205362814191, 8.799618069796855, 8.565677440675028, 7.811826729885727, 8.276491417785568, 8.723052665269753, 8.807577937907379, 8.626252575528234, 8.749673067134776, 8.511586152665723, 8.212487610983501, 8.872156644642056, 8.586251194714627, 8.486950235863018, 8.404984429196377, 8.716902324554562, 8.475395935434177, 8.993299974823964, 8.928370640043521, 8.881782934767122, 8.779803545712387, 8.760608695853412, 8.939761007681444, 8.652374792847674, 8.053319952488467, 8.805551998995577, 9.208338058679436, 8.93799915944389, 8.858746841020217, 9.329604898237113, 8.663717822133277] ,
[8.748446699069559, 8.787886364444192, 8.089353464202691, 8.051001092200792, 7.885322113554153, 8.528167277446558, 7.676468763193478, 8.884483573992034, 9.214864765063156, 9.005190298918304, 8.250031356100118, 7.6493956583435665, 8.35976579726805, 7.560035919395185, 8.773728065507681, 9.156423880226264, 8.73457482477912, 8.245335202633353, 8.264605406523986, 8.396128039629295, 8.672850690951497, 8.863122069895935, 8.673691717637874, 7.914138318310364, 8.852926423091724, 8.134140469813582, 8.493756778287745, 8.848397462597525, 9.015435747846814, 9.03525932934532, 8.65540706172768, 8.984375080369697, 9.0615115624017, 8.737281638596597, 8.491603100319152, 9.090913014238232, 8.675208605529235, 8.568246871635875, 8.726378754583147] ,
[6.956553430263658, 7.383700113960542, 7.2930766518606855, 8.801562439764764, 8.070631279818977, 8.297989806216975, 7.913863317984287, 8.200038848044931, 8.469875373585023, 8.096276716743242, 8.590709719163977, 7.936020526122574, 8.107341985946649, 8.50148837307796, 8.651583411536423, 8.584250074729486, 8.775945749129063, 8.650327786389125, 8.9944118975751, 8.71600228327366, 8.326856033879336, 9.037008457856423, 8.393154937572367, 9.079231771358193, 8.024081643479846, 7.433588896480369, 8.621231791266595, 8.88223296049255, 8.405284465034192, 9.064839980733126, 8.73682007690551, 8.718409614845156, 8.904343899862734, 8.46327872517421, 8.67920002250955, 8.84480239385162, 6.177924463225589, 9.071292570860017, 8.619346502550634] ,
[6.380673082280257, 8.556044315629903, 8.973953899489647, 8.36013325884814, 2.9824990426552773, 9.199485560556836, 8.753145239435753, 8.535822160857512, 8.371782633698396, 8.55943785338592, 9.080399593677631, 8.517289854624545, 8.90140389906451, 9.296157723136226, 8.72116111646943, 8.681273035678872, 8.445399575523101, 9.262970020600463, 8.200518064016274, 8.564171120991395, 8.629405337153994, 8.63909238732425, 8.509941172434441, 8.4626649144833, 8.967260383547638, 8.161640999084414, 8.924020055630612, 9.052241804311796, 7.933674155572163, 8.855088887507447, 8.788987504500836, 9.037066828719308, 8.004329170307924, 8.890616566592037, 9.032241688061369, 9.209724209943987, 8.700455296026716, 9.046505308307346, 8.234507343943898] ,
[7.355381167213313, 5.5730442401703595, 5.892902396584933, 8.664797155617817, 8.164694435566748, 7.895504230599377, 8.555371232646776, 8.811506304626999, 8.999935184267683, 8.217724496342647, 8.457888480042982, 8.685659169271956, 8.418480474394874, 8.542783160638994, 8.69758733274722, 8.515190421339002, 8.617639197828325, 8.514441594103092, 8.294639164542353, 8.555133372453362, 9.137765195000142, 8.605812860365317, 8.393958223962146, 8.605761070380174, 8.660752213634625, 7.800827315033429, 8.333295854397479, 8.729442970598633, 9.05439613058772, 8.82521792927098, 8.942122170651256, 8.791999808940993, 8.823059461920039, 8.369849857437421, 9.303292568937174, 8.670385766110035, 8.729492680797215, 8.777066895285703, 8.226688903374113] ,
robot: dof3
[75.72141006421614, 9.602663278918826, 8.086356273267654, 9.906742255442978, 8.409898411611174, 10.743068558663907, 9.920064090348829, 9.4171443630633, 9.169012370446502, 10.076259169424093, 9.861572411679948, 10.157595015013793, 9.983681384262441, 9.59320195422374, 9.9554930542408, 9.768595615656224, 10.041261938641298, 10.330398164660625, 10.298643234833909, 10.164218860490175, 10.223544226870986, 10.145163370418, 10.347147760224685, 10.29884677596969, 10.215541912557464, 10.486781630317632, 10.504336372751998, 10.354218499636156, 9.832883882878418, 10.590997924573859, 9.871369021773583, 10.216163524366426, 10.210670885416375, 9.971307106022106, 10.431484180344672, 10.368405164172298, 10.214185707838157, 9.731274369308034, 10.237287482211983] ,
[14.83355483845887, 8.392089136551574, 7.159098150771072, 8.658984744908292, 9.07102076216593, 8.818032795980933, 9.920609373965053, 9.952478459720671, 9.669987038890119, 9.18642063297122, 10.019806446910216, 10.93379283134992, 9.23695012681321, 10.312613675701312, 10.026695900838858, 9.437516992765465, 10.159571817328363, 9.636180865135655, 10.442669043898416, 9.767091399503254, 10.113164222330228, 9.757058710382207, 10.225000797700538, 10.467326880228896, 10.719968423175027, 10.218426455307847, 10.142225499459963, 9.72347144625148, 10.168183157616902, 10.047937916165994, 10.190149623881187, 10.180528186523418, 10.040836330950034, 10.145759375941283, 10.358360927560765, 9.96571865858227, 9.846474273430303, 10.188722144764126, 10.159494784710853] ,
[9.669617238565774, 9.696391915749059, 10.14999968270503, 9.459392709059347, 8.69175704058481, 10.200838449661884, 10.394096458486285, 10.118323659921467, 9.294492757997512, 10.159775751681199, 9.415515758475255, 10.381967602212914, 9.76494281159084, 9.854504831397728, 10.436921123209927, 10.216795639040603, 9.820260228062331, 9.838580325498992, 10.510382479125742, 10.046686991204867, 10.095236567966813, 10.247764603692872, 9.351400458665653, 9.571975905961798, 10.136915212426445, 10.18976744293215, 9.865236011248708, 10.28662722231264, 10.081679831483152, 10.084112733622469, 10.131966178609368, 9.88522090121472, 9.888658395720551, 10.35506772022884, 10.037453933303361, 9.1437482989461, 9.927225376639155, 10.042327155220583, 9.853278679715888] ,
[44.14406182099265, 10.575976703030816, 9.543674810489247, 9.372821654144165, 9.136631280732225, 9.587153830637932, 10.382736274951764, 10.620284259517572, 9.598660074317817, 9.599652664856004, 9.516229451939653, 9.15618000370025, 9.98866428382366, 10.467637925169406, 9.603254556928064, 10.268657289854948, 10.025646813473346, 10.007624205917875, 9.247985152174934, 10.026086967052013, 10.036000046429914, 10.21741617918588, 10.074101929702437, 9.84717882885872, 9.738978068029366, 10.212857345467729, 9.814021045841345, 10.006571866169896, 10.44523240361841, 10.032293492288035, 9.826922388183494, 10.319486407583945, 10.33586010150245, 10.025360867929216, 10.390143155989994, 8.825638741211579, 9.876005793199079, 10.260262705898901, 10.185071532698602] ,
[31.914699400683343, 8.066228850120206, 9.089532084337877, 9.638594662817487, 9.518024567802874, 8.6950576644801, 11.341970788789169, 9.793016664838204, 9.63510407596867, 10.290196193568965, 9.416832562406473, 9.124587234968088, 10.102280203827032, 10.771352136387838, 9.968156792535245, 10.524738480083842, 9.945460009072825, 9.266333482063486, 9.729001775452254, 9.784972558229365, 10.190568020586925, 8.85306273003033, 10.00219768863278, 9.91475695786131, 10.382259345924426, 10.021068352672893, 10.51708034607063, 10.230568184810853, 9.88953938208123, 10.007958713878322, 9.98379680720302, 10.293507353256658, 10.174870779667987, 9.702400861148446, 10.446110065675693, 10.026331746488134, 10.149733645090928, 9.515329800222819, 10.47024498749628] ,
robot: jaco
[8.138796998779572, 7.540359111897669, 9.53444681341129, 8.226289750521458, 7.586982943838383, 10.128098248029621, 14.293907100008242, 8.137102056283634, 9.049049983308004, 9.241129750902656, 8.071517776400544, 12.45072912827681, 8.844149816188072, 8.622440323073372, 7.815507255528601, 9.909323045533664, 9.310508524793685, 9.25008925181132, 9.314520337273622, 12.298471929889358, 7.75029704350048, 14.128472340507356, 8.933073820080525, 8.510394860223593, 8.462523425902607, 9.204852417636562, 9.008927830773555, 9.648663102392732, 8.955165929565753, 11.41227016373774, 7.8985511389671546, 10.116991897434547, 11.089119637969825, 10.092929612981159, 8.25002669772972, 8.915193084062501, 8.385504056420059, 9.59547863634145, 7.997157491216126] ,
[10.539468034454591, 11.449017043032057, 11.45103376357913, 8.971355840100497, 8.966773934237057, 19.785129492442703, 9.278944826913534, 10.127441907002547, 13.402211059702212, 12.838253664073688, 7.516810391712567, 8.161999232468473, 8.247532584598796, 8.968114581606871, 12.396098040947534, 9.401304832980527, 11.267557328286859, 6.673369171082119, 8.206047938209506, 13.672402264064345, 8.2718438088966, 9.962741782552834, 8.363433635261877, 7.530689956087009, 8.730979700942932, 8.352265853403, 24.790444940586532, 7.490293815832169, 8.535811481486306, 8.700699068232025, 7.550625773862979, 8.987643247853603, 10.281659524465443, 9.773085985017866, 10.813006560676708, 9.546090824304295, 8.503897226333313, 9.235396527613677, 7.583899986452503] ,
[9.373692132877096, 9.03845291589538, 8.817093222456265, 6.677075320641247, 10.082772257140647, 7.982476659083659, 8.84696855061222, 11.923315633495141, 8.694876852129086, 8.290015012027629, 9.131486017120801, 7.9048875755109185, 9.160204099933127, 11.25080012321058, 9.019148332377714, 11.827419826766413, 8.9631115824362, 9.702495225409681, 8.304588660876533, 8.838974086836723, 9.42839279905584, 8.937313118405541, 8.157688831194006, 8.147429521147425, 9.215318649156183, 7.915110007844723, 7.449803859781231, 8.976421290767334, 11.753487944483243, 8.262415037726464, 8.361521107060831, 9.585629957416861, 9.273542369341367, 11.612255371313823, 8.581483845370316, 8.530518707588822, 10.70342875241478, 9.10405499708058, 7.579007601790087] ,
[10.582840087106861, 6.366844848579807, 7.5374248090554445, 9.916667090805673, 6.8990635764334325, 10.231748195641046, 8.696990672290106, 8.614270181093534, 8.945331789863177, 8.709824828170932, 10.67309967757988, 10.96319834948498, 15.832494587262383, 7.934198742659593, 12.150496710198798, 9.051791585258822, 10.795086494384945, 9.198880273453758, 9.196924752458584, 6.597486414838447, 8.955733795542573, 9.733747946539417, 8.229196203793505, 7.811502544101478, 7.940387006558671, 9.898575116302592, 7.817455892009283, 8.384324275355425, 8.107811222985795, 9.813686798815757, 8.956571482808457, 8.064928065506667, 8.986393655632703, 8.13099656826493, 7.920234544582114, 10.184424096811089, 8.138325348670232, 9.644295553174294, 7.8757163056732296] ,
[15.248001108649751, 10.069097774487247, 10.519911998179934, 14.056746936990798, 12.85308759295351, 8.854309631906059, 16.09032010989512, 18.937027915165352, 18.190613073741144, 12.352017235207216, 10.725180355144948, 8.245144571383324, 7.662244056594335, 8.279108298095863, 8.194547653417965, 9.337546250201322, 8.732557070352406, 7.220935100912018, 9.993787240941243, 10.93413339278594, 8.387075235983808, 8.007834383530572, 13.543749864238546, 8.972057469170938, 21.82167674877969, 8.273012762256387, 9.592164964563132, 6.697159304389921, 8.76410038159797, 11.750202136772485, 8.176744450537717, 8.889775229305688, 7.153324570061223, 9.863422295099225, 7.547998790427067, 8.813919452966859, 9.190150429855183, 19.122094953514893, 8.887743408438839] ,
robot: kinova
[10.791057189630996, 6.242593575015651, 8.283692864044042, 6.871991677125371, 14.876367105940723, 8.423445649039127, 5.67480981811743, 11.028038446704823, 6.589457091993495, 8.283001174343013, 13.078742639161527, 13.860973769439042, 9.840261013159646, 6.224968879289198, 10.88385469311657, 10.116208169228644, 8.393070327525251, 7.227055805623949, 8.237184495170379, 11.684902472703206, 5.830904393413386, 16.49966787990576, 9.73339668829528, 7.392222352929975, 7.749541550269786, 8.14309224184852, 8.194335265230787, 6.812040221645477, 8.027484775170628, 8.21996363085691, 10.71284838317459, 8.96579897080083, 11.133161689134823, 7.924160358486849, 6.997848027300447, 13.437764893052993, 8.23435874144044, 10.1308763198, 10.252700915340652] ,
[4.544618310043365, 14.041171018594094, 8.874547139354526, 11.295904697503017, 8.53423271524458, 11.826980575184143, 7.995702152877079, 5.674891298246708, 17.133929310257304, 12.686422911278218, 5.284500710748284, 10.413438898521932, 7.788577011076362, 6.728893848835899, 26.489683766359132, 9.876974270546105, 10.695592446971393, 5.328261814244039, 9.960926270349855, 5.560883314571274, 5.181222329223862, 12.02174508465279, 7.599507221505675, 5.059991044794449, 11.467232283920543, 8.763696578913926, 7.565673038524832, 10.92302972683552, 10.805004404757609, 7.070114536461788, 9.046211050686424, 18.86442147379937, 5.1066649842021645, 6.724419165573196, 7.906675361199684, 7.717404791460308, 7.196395432693614, 9.33808078574379, 8.521111178555818] ,
[79.64685967557982, 15.345878570610092, 15.070236048042768, 30.505374420718834, 11.406063365131171, 30.23156980867237, 9.456705231831176, 6.3706093690856544, 5.999319636483181, 13.19564214350185, 12.032693016310402, 11.931062575999771, 8.728501554146865, 10.673108699848306, 6.222376028636745, 5.7743652224116975, 7.447470261766407, 9.53614246460912, 10.70561441581517, 5.587733627601893, 7.491030025787791, 8.915042803659182, 5.473517827643001, 8.403966832811617, 7.150573663010503, 6.230742109149022, 7.59572271268408, 7.845909625329892, 7.274584128600862, 9.476827737732348, 10.704882148801167, 7.959074108712565, 8.093966608070096, 6.465048128412132, 21.57066191253666, 8.75070380609756, 7.10335680460499, 9.421040453444423, 7.185923780728789] ,
[42.13380385667197, 46.58820599651809, 14.01626799541648, 20.46918350690028, 23.455447431719293, 9.305540692676786, 4.610887898069853, 8.884607824427343, 5.026593935110478, 16.161760424975217, 6.7785663973945125, 11.171680519893163, 10.840983232082, 6.406903723729821, 6.537787861197671, 5.779066776836113, 7.835050368751169, 6.12753998733527, 6.96532743608791, 7.830378246810231, 9.716278808049212, 7.405309897018447, 5.382732316058203, 7.985953812986161, 4.546906259278464, 7.767300614061456, 8.668811129260067, 5.485818183746824, 15.825696732018645, 9.589596292487624, 5.588886437782392, 6.400171490309041, 13.401063384218483, 4.541212580128911, 7.250826108827022, 5.4689629547707925, 7.191658855062048, 10.750103474423, 5.591985203973019] ,
[9.832393985731219, 10.169882613684262, 5.083447686330436, 36.303105667692826, 8.948393430807563, 7.207314493670273, 7.308463518496002, 8.92262481183463, 7.032800028904585, 9.687726560593285, 5.716056975052475, 10.800798214302548, 8.212876930632353, 8.614239371127331, 10.770964108301596, 10.330021210906445, 8.524699289356384, 14.878326033854472, 7.817538799016591, 6.658518325435247, 10.37725978847908, 16.989879853003966, 8.871775968735909, 4.995151014302434, 5.81442944809759, 6.362874270804686, 6.354640919158664, 6.76206477086666, 7.678877165718506, 7.0355172580273315, 9.046652629749724, 4.02526751525059, 8.468867708454244, 8.180257502549344, 11.17048273762565, 8.651691974733485, 4.700783033723193, 9.672363401025738, 7.718174616513328] ,
