WORLD INIT [[ 0.15600909]
 [ 0.00280055]
 [-0.4518016 ]]
PROJECTED INIT [ 0.15039593  0.05487566  0.13823801 -0.46069913]
this is k: 20
###################### i: 0
currQ: [-2.33186385e-03 -4.98804746e-01 -3.13271820e+00 -2.57785131e+00
  1.17676545e-03 -1.00218374e+00  1.56870721e+00  8.72664626e-03]
corrQ: [-3.15064213 -1.95277621  0.1564835  -1.07452658  0.6057678   1.74487176
 -1.89039101  0.62233854]
currError: [-0.27401615  0.0838599  -0.27530315  0.15768293]
this is k: 20
approx: [[-0.04903048  0.07721097  0.02352601  0.07845093 -0.02849895  0.0158553
   0.0576997  -0.03999475]
 [-0.02879239 -0.08965636  0.1198832  -0.06062299  0.02520939 -0.02423091
   0.10607799 -0.04912363]
 [-0.04063192  0.12033622 -0.00441043  0.1066014  -0.03076905  0.03757275
   0.00329595 -0.01324002]
 [-0.0284849  -0.04371332 -0.46545239 -0.02252603 -0.07010253 -0.05068608
  -0.03928563  0.02775462]]
true: [[-0.0010039   0.0010039   0.50028572  0.0054397  -0.07230227  0.01765307
   0.02234764 -0.        ]
 [-0.14701298  0.14701298  0.34365113 -0.13693462 -0.24459096 -0.15347299
   0.01215025 -0.        ]
 [ 0.06087303 -0.06087303  0.28270852  0.06165251  0.04416139  0.07778488
   0.02396192 -0.        ]
 [ 0.01255192 -0.01255192  0.0965249   0.01094567 -0.02329669  0.01928621
  -0.14056023 -0.        ]]
###################### i: 1
currQ: [ 0.31273235 -0.30352713 -3.14836655 -2.47039865 -0.05940001 -1.17667091
  1.75774631 -0.05350721]
corrQ: [-1.78459763 -1.63063686 -0.15466511 -1.34019508  1.46917175  1.36350844
 -1.10522627  1.11439234]
currError: [-0.27577364  0.09229938 -0.27826918  0.12653866]
this is k: 20
approx: [[-0.03205635  0.07873466  0.02983519  0.08792158 -0.04453568  0.00483471
   0.06306663 -0.04197961]
 [-0.03799343 -0.07742454  0.08869248 -0.05993972 -0.00715985 -0.0247707
   0.07795935 -0.06532111]
 [-0.01708376  0.11686168  0.01571946  0.11355009 -0.02897004  0.02241808
   0.02025623 -0.00661469]
 [-0.01864442 -0.0516679  -0.45060371 -0.04071741 -0.05467949 -0.04367798
  -0.00553971  0.03803841]]
true: [[-0.04315364  0.04315364  0.48129636 -0.03088814 -0.03132918  0.02043693
   0.03515616 -0.        ]
 [-0.13155679  0.13155679  0.34604348 -0.12962258 -0.24134911 -0.14771278
  -0.01136623 -0.        ]
 [ 0.0203278  -0.0203278   0.26758537  0.02914545  0.07395993  0.07526104
   0.0426923  -0.        ]
 [ 0.01252039 -0.01252039  0.06211894  0.01257952  0.02874252  0.03772769
  -0.13314126 -0.        ]]
###################### i: 2
currQ: [ 0.49119211 -0.14046344 -3.13290004 -2.33637914 -0.20631719 -1.31302176
  1.86826894 -0.16494644]
corrQ: [-2.67923769 -0.77500726 -0.1271347  -1.59942008  2.1326955   0.6537793
 -0.09756402  0.96466157]
currError: [-0.25801934  0.14430779 -0.28389499  0.10447166]
this is k: 20
approx: [[-2.97542756e-02  6.45310350e-02 -5.89375849e-02  1.17409569e-01
  -1.88233084e-02  9.37283113e-03  3.23256502e-02 -8.43567711e-03]
 [ 1.88453766e-02 -5.29076494e-02  8.88355972e-02 -5.19526295e-02
  -6.97215035e-05 -6.66926816e-02  9.23377746e-02 -7.09055867e-02]
 [-4.46909109e-02  8.96122365e-02 -8.43350526e-02  1.39022789e-01
  -5.63767556e-03  4.61217923e-02 -1.85067221e-02  3.32054919e-02]
 [-6.25871893e-03 -2.47265998e-02 -2.63198498e-01 -7.95028692e-02
  -9.33335453e-02 -4.49684408e-02  4.09432549e-02 -2.98125874e-02]]
true: [[-0.06081819  0.06081819  0.39595194 -0.04332563  0.05218406  0.05947167
   0.0507174  -0.        ]
 [-0.14558818  0.14558818  0.42287109 -0.14690504 -0.22896093 -0.12784961
  -0.03175153 -0.        ]
 [ 0.01156837 -0.01156837  0.16493716  0.02583384  0.13628236  0.09556781
   0.06084861 -0.        ]
 [ 0.01393741 -0.01393741  0.03886951  0.01586251  0.08169541  0.06102253
  -0.12354363 -0.        ]]
###################### i: 3
currQ: [ 0.75911588 -0.06296271 -3.12018657 -2.17643713 -0.41958674 -1.37839969
  1.87802534 -0.2614126 ]
corrQ: [-2.70009255 -0.67899319 -0.10530696 -2.50432737  2.21623549 -0.47732652
  0.86407207  0.70960505]
currError: [-0.27554739  0.16694225 -0.30639194  0.08934443]
this is k: 20
approx: [[-0.02284727  0.07583669  0.06557618  0.09547503 -0.03164974  0.02961317
   0.05176611 -0.05310848]
 [ 0.03622504 -0.05183565  0.10195759 -0.03259215 -0.01050187 -0.07629814
   0.09156295 -0.07077027]
 [-0.04194168  0.10278019  0.04048322  0.10716083 -0.01689509  0.0658613
   0.00469082 -0.01408259]
 [-0.05439899 -0.05518769 -0.45872922 -0.06244479 -0.04620135 -0.02525492
  -0.00604045  0.03790367]]
true: [[-0.03661698  0.03661698  0.29805106 -0.01373186  0.14203313  0.10487573
   0.07533748 -0.        ]
 [-0.18292096  0.18292096  0.48705012 -0.1842409  -0.18294655 -0.07482121
  -0.03850836 -0.        ]
 [ 0.04637817 -0.04637817  0.05468524  0.06483625  0.1920786   0.1106067
   0.08118135 -0.        ]
 [ 0.01580157 -0.01580157  0.04806409  0.01957317  0.12391217  0.0806181
  -0.11346986 -0.        ]]
###################### i: 4
currQ: [ 1.02912514  0.00493661 -3.10965588 -1.92600439 -0.64121029 -1.33066704
  1.79161813 -0.3323731 ]
corrQ: [-2.66304837  0.02066452  0.41765148 -2.63885553  2.67235454 -1.81750656
  1.0763921   1.42981395]
currError: [-0.32076239  0.13902549 -0.33199676  0.08704847]
this is k: 20
approx: [[-0.04564864  0.06429878  0.07817935  0.10122098 -0.04431808  0.05119009
   0.029567   -0.06353853]
 [-0.00290605 -0.06446532  0.12246053 -0.03075317 -0.05558647 -0.04282821
   0.05645865 -0.10221094]
 [-0.04057411  0.0968766   0.04075287  0.11368405 -0.00263049  0.06854904
   0.00372737 -0.0039863 ]
 [-0.06716453 -0.04031746 -0.43038803 -0.0773746  -0.06995497 -0.0158391
  -0.02226642 -0.00259338]]
true: [[ 0.05961284 -0.05961284  0.15116442  0.05685507  0.19964712  0.1018993
   0.11663636 -0.        ]
 [-0.22203718  0.22203718  0.52797442 -0.2097747  -0.09893298  0.01500105
  -0.01497785 -0.        ]
 [ 0.14402894 -0.14402894 -0.09900298  0.13652496  0.20549221  0.07619186
   0.10783995 -0.        ]
 [ 0.01482925 -0.01482925  0.10247136  0.01232912  0.16551153  0.09789106
  -0.09633144 -0.        ]]
###################### i: 5
currQ: [ 1.29542997e+00  2.87015385e-03 -3.15142102e+00 -1.66211884e+00
 -9.08445742e-01 -1.14891638e+00  1.68397892e+00 -4.75354499e-01]
corrQ: [-1.74206873 -0.46746464  0.03927693 -1.99239417  2.49028805 -1.79250053
  1.82551534  1.13190839]
currError: [-0.3692036   0.02699609 -0.32663892  0.08370901]
this is k: 20
approx: [[-0.05393804  0.06398583  0.06538799  0.10914004 -0.02947087  0.07831732
   0.006544   -0.03953118]
 [-0.01136107 -0.06409836  0.11434152 -0.00706772 -0.0718701  -0.02550015
   0.00645222 -0.08734278]
 [-0.04681669  0.09494493  0.02877782  0.11110839  0.0167064   0.08510843
   0.00528828  0.01095844]
 [-0.04599582 -0.02833878 -0.36883365 -0.08527049 -0.05896464 -0.02582603
   0.00509133 -0.01521279]]
true: [[ 0.1121583  -0.1121583   0.07617667  0.1057961   0.19766258  0.05066053
   0.14358175 -0.        ]
 [-0.2542519   0.2542519   0.52069581 -0.2420292  -0.04277169  0.06793029
  -0.00620978 -0.        ]
 [ 0.20424758 -0.20424758 -0.16501953  0.19383583  0.174981    0.01330212
   0.12993127 -0.        ]
 [ 0.01475857 -0.01475857  0.13577124  0.0112497   0.22483674  0.10489137
  -0.05820233 -0.        ]]
###################### i: 6
currQ: [ 1.46963685  0.04961662 -3.15534872 -1.46287943 -1.15747455 -0.96966633
  1.50142739 -0.58854534]
corrQ: [-2.3158635  -0.94243486  0.39723732 -1.65512059  1.98756256 -2.79403421
  1.52249223  1.31331249]
currError: [-0.40940479 -0.03264509 -0.33567215  0.07058121]
this is k: 20
approx: [[-0.0854843   0.04517303  0.04264656  0.11774116 -0.02592101  0.09447629
  -0.01716581 -0.02240022]
 [-0.02924131 -0.08367209  0.11914981  0.00851779 -0.07225836 -0.00069345
  -0.01619291 -0.06878437]
 [-0.06829211  0.08488407  0.0062928   0.10996354  0.01745303  0.0876945
  -0.00699653  0.02177131]
 [-0.01044966 -0.0049218  -0.32248607 -0.07824124 -0.04260286 -0.0269149
   0.0191158  -0.04645589]]
true: [[ 0.18593744 -0.18593744 -0.00087703  0.1560662   0.17464639 -0.01394201
   0.15001686 -0.        ]
 [-0.26554163  0.26554163  0.49319085 -0.25242552 -0.01092847  0.0942183
   0.01997022 -0.        ]
 [ 0.27715113 -0.27715113 -0.23139976  0.24762522  0.13628013 -0.05670365
   0.12763229 -0.        ]
 [ 0.01202059 -0.01202059  0.1811648  -0.00059817  0.27679586  0.0915628
  -0.0115989  -0.        ]]
###################### i: 7
currQ: [ 1.7012232   0.1438601  -3.19507245 -1.29736737 -1.3562308  -0.69026291
  1.34917817 -0.71987659]
corrQ: [-1.43981678 -0.59459606  0.23513488 -1.92752534  0.83026766 -2.27895942
  1.28491364  2.0418164 ]
currError: [-0.42532207 -0.11621374 -0.31251988  0.04863028]
this is k: 20
approx: [[-0.07451908  0.0380444   0.06925124  0.10244633 -0.01587681  0.09111373
  -0.03805665 -0.01836928]
 [-0.01184078 -0.08348477  0.12190711  0.05911941 -0.06685359  0.04201935
  -0.02546799 -0.06402177]
 [-0.06704079  0.07680464  0.03185599  0.06776675  0.02398993  0.06225038
  -0.0230897   0.02359356]
 [-0.02807272 -0.00872442 -0.31867848 -0.08756449 -0.0406819  -0.0317749
   0.01909848 -0.04687515]]
true: [[ 0.25140679 -0.25140679 -0.04420095  0.2087176   0.15120848 -0.05984468
   0.13594424 -0.        ]
 [-0.25007212  0.25007212  0.46727696 -0.23905051  0.01328367  0.09323351
   0.04789132 -0.        ]
 [ 0.33174918 -0.33174918 -0.27100849  0.2928558   0.09990992 -0.10214705
   0.10189766 -0.        ]
 [ 0.00813159 -0.00813159  0.22908149 -0.0102032   0.31041847  0.06877567
   0.0237826  -0.        ]]
###################### i: 8
currQ: [ 1.84520487  0.20331971 -3.21858594 -1.10461483 -1.43925757 -0.46236696
  1.2206868  -0.92405823]
corrQ: [ 0.08080094 -0.76021852  0.40612029 -1.88601062  0.5434566  -1.72898429
  0.60530885  1.05157712]
currError: [-0.4085491  -0.19120361 -0.26243512  0.03518701]
this is k: 20
approx: [[-0.07143874  0.03916394  0.0726834   0.1210774  -0.0218542   0.09191244
  -0.01528165 -0.00039967]
 [ 0.03770503 -0.07817631  0.15152138  0.06056389 -0.05836356  0.01393065
   0.00885065 -0.04267059]
 [-0.09716296  0.07398091  0.01598589  0.08584826  0.01187475  0.08184601
  -0.02238138  0.0283113 ]
 [-0.02319045 -0.01456429 -0.30142149 -0.09168605 -0.03029449 -0.02338382
  -0.00089836 -0.05003779]]
true: [[ 0.28408818 -0.28408818 -0.00296991  0.22295745  0.12929575 -0.07799087
   0.12079329 -0.        ]
 [-0.25620893  0.25620893  0.4363358  -0.2393786   0.00169473  0.08961395
   0.0549788  -0.        ]
 [ 0.36785758 -0.36785758 -0.22085489  0.31095843  0.08540572 -0.11933019
   0.08393116 -0.        ]
 [ 0.00681945 -0.00681945  0.28887408 -0.0202015   0.33422244  0.05036994
   0.04976393 -0.        ]]
###################### i: 9
currQ: [ 1.83712478  0.27934156 -3.25919797 -0.91601377 -1.49360323 -0.28946853
  1.16015592 -1.02921594]
corrQ: [-0.58301004 -0.40387516  0.57708729 -2.59895017  1.37965324 -1.57714314
 -0.30708079  1.4237434 ]
currError: [-0.41788393 -0.22633234 -0.25264109  0.00786202]
this is k: 20
approx: [[-0.08060234  0.04059113  0.07238272  0.10009954 -0.02607364  0.07360359
  -0.01332047  0.00381525]
 [ 0.03273569 -0.09361924  0.18984692  0.04966046 -0.05167824  0.01642486
  -0.0049815  -0.02064443]
 [-0.10329618  0.08428321 -0.00673022  0.07173847  0.00338754  0.06251192
  -0.01206247  0.01973394]
 [-0.01822515 -0.02528243 -0.27730042 -0.07770321 -0.01936029 -0.00438904
  -0.01370284 -0.04079243]]
true: [[ 0.35610555 -0.35610555 -0.00761392  0.27613896  0.0765419  -0.1076691
   0.0844467  -0.        ]
 [-0.20553188  0.20553188  0.35624129 -0.18770102 -0.02781554  0.06716358
   0.07225978 -0.        ]
 [ 0.41995446 -0.41995446 -0.20645684  0.34534842  0.04791882 -0.14225311
   0.0364744  -0.        ]
 [ 0.00081068 -0.00081068  0.37130709 -0.03359308  0.3571622   0.03378735
   0.07955104 -0.        ]]
###################### i: 10
currQ: [ 1.89542578  0.31972908 -3.31690669 -0.65611875 -1.63156855 -0.13175422
  1.190864   -1.17159028]
corrQ: [-1.17134311  0.44789416  0.72453024 -3.1088789   2.46237874 -2.17095844
 -0.00521304  2.06089786]
currError: [-0.36222161 -0.30254393 -0.15579411 -0.07146018]
this is k: 20
approx: [[-0.08827744  0.05936345  0.03482496  0.07763873 -0.03523791  0.04173324
   0.00632073 -0.01008022]
 [ 0.01797916 -0.09941358  0.22398093  0.01479744 -0.04264219 -0.00862273
  -0.00555739  0.00736297]
 [-0.10175007  0.10842734 -0.06874526  0.07017385 -0.01297968  0.04447214
   0.01038848 -0.01280081]
 [-0.021299   -0.04801985 -0.22368499 -0.07616912  0.00032776  0.01047515
  -0.0370268  -0.01383381]]
true: [[ 0.42072507 -0.42072507 -0.04194061  0.33626834  0.03211588 -0.12667655
   0.02225917 -0.        ]
 [-0.07424576  0.07424576  0.21662033 -0.06919538 -0.11799938  0.02527435
   0.05881407 -0.        ]
 [ 0.42827028 -0.42827028 -0.19930065  0.3521945   0.04791484 -0.13944628
  -0.02949476 -0.        ]
 [-0.00243042  0.00243042  0.43939597 -0.03895213  0.36620216  0.00149065
   0.12464937 -0.        ]]
###################### i: 11
currQ: [ 2.01256009  0.27493966 -3.38935972 -0.34523086 -1.87780643  0.08534162
  1.1913853  -1.37768007]
corrQ: [-6.7665862   3.0666861   2.095976   -6.31900075  8.61538558 -6.41338062
  3.7032657   2.70520564]
currError: [-0.21332207 -0.36331442  0.04029695 -0.22956663]
this is k: 20
approx: [[-0.10094657  0.11192082 -0.07547501  0.11322709 -0.00473343  0.04605021
   0.02090642 -0.07139241]
 [ 0.03991399 -0.03996963  0.11039163  0.00161074 -0.07879982 -0.05862927
   0.06588341 -0.04500419]
 [-0.11189304  0.1156485  -0.10770915  0.11911351  0.01189022  0.08730227
  -0.01237942 -0.04505697]
 [-0.12714105  0.04486234 -0.23917009 -0.10765602  0.22041256 -0.06109121
  -0.05438099  0.02045701]]
true: [[ 1.06578641e-01 -1.06578641e-01  5.96712009e-02  9.76236144e-02
   3.46413667e-01 -7.39528797e-02  6.53305452e-02 -0.00000000e+00]
 [ 1.78914421e-01 -1.78914421e-01 -4.29562029e-02  1.86100447e-01
  -6.87550449e-02 -5.87234163e-02 -8.98275828e-02 -0.00000000e+00]
 [-2.63759017e-04  2.63759017e-04  5.24752419e-02 -1.25946267e-02
   3.42303778e-01 -3.38702469e-02  9.89766385e-02 -0.00000000e+00]
 [ 1.98324986e-02 -1.98324986e-02  2.27213656e-01  9.54943841e-03
   6.76079407e-02 -1.50343231e-02  8.80183450e-02 -0.00000000e+00]]
###################### i: 12
currQ: [ 2.68921871 -0.03172895 -3.59895732  0.28666921 -2.73934498  0.72667968
  0.82105873 -1.64820063]
corrQ: [-0.13244336 -0.59497448  0.65700169  1.09661888 -1.3280235   1.75706183
 -0.49145585  0.35626753]
currError: [ 0.07284922  0.04600886  0.13350521 -0.65108582]
this is k: 20
approx: [[-0.09453614  0.11432695 -0.08799054  0.11640236 -0.00961198  0.0460599
   0.02421372 -0.08011568]
 [ 0.03550088 -0.0446298   0.12087778  0.00215989 -0.07795895 -0.0546698
   0.06168701 -0.03875632]
 [-0.10202804  0.12148528 -0.12820593  0.12177908  0.00622208  0.08421853
  -0.00560324 -0.05860052]
 [-0.13507742  0.03696683 -0.21931355 -0.1077989   0.22121475 -0.05433541
  -0.06258363  0.032736  ]]
true: [[ 0.14047509 -0.14047509  0.06281494  0.12660626  0.32694119 -0.07575713
   0.05944585 -0.        ]
 [ 0.21594303 -0.21594303 -0.05157381  0.21595751 -0.12186856 -0.06261733
  -0.08295828 -0.        ]
 [ 0.00836025 -0.00836025  0.05156978 -0.00522972  0.3494273  -0.03149733
   0.08772501 -0.        ]
 [ 0.02452687 -0.02452687  0.28185044  0.00830389  0.10157129 -0.0177769
   0.10164116 -0.        ]]
###################### i: 13
currQ: [ 2.70246305  0.0277685  -3.66465749  0.17700732 -2.60654263  0.5509735
  0.87020431 -1.68382738]
corrQ: [ 0.19081512 -0.59190955  0.18584968  1.2687288  -1.61364622  2.24589029
 -0.6393749   0.40408243]
currError: [ 0.1167207   0.00631023  0.19830928 -0.65093402]
this is k: 20
approx: [[-0.08805338  0.1192497  -0.10233234  0.116773   -0.01204127  0.04235268
   0.02985943 -0.0896079 ]
 [ 0.0274721  -0.05187481  0.13865558  0.00245156 -0.07332481 -0.04876247
   0.05363189 -0.02705892]
 [-0.09044387  0.13162215 -0.15413156  0.12105229  0.00180334  0.07554983
   0.00592269 -0.07558546]
 [-0.1387979   0.02580318 -0.20459204 -0.10096985  0.2122419  -0.04021344
  -0.07254226  0.04074873]]
true: [[ 0.1977272  -0.1977272   0.04679844  0.17087287  0.28810851 -0.07717417
   0.048271   -0.        ]
 [ 0.25077892 -0.25077892 -0.05305523  0.23536459 -0.17395023 -0.06917368
  -0.06702079 -0.        ]
 [ 0.03885248 -0.03885248  0.02554726  0.02104073  0.33384956 -0.02702662
   0.06417301 -0.        ]
 [ 0.02758471 -0.02758471  0.34902216  0.00131902  0.16258122 -0.01735988
   0.1228211  -0.        ]]
###################### i: 14
currQ: [ 2.68338154  0.08695946 -3.68324246  0.05013444 -2.44517801  0.32638447
  0.9341418  -1.72423563]
corrQ: [ 0.85423297 -0.67693204 -0.72705202  1.28604707 -2.15692754  2.79299191
 -0.67215398  0.37714889]
currError: [ 0.15903167 -0.06336471  0.2760137  -0.62311396]
this is k: 20
approx: [[-0.08509159  0.12556484 -0.1131008   0.11073373 -0.00639913  0.03473595
   0.03509348 -0.09893684]
 [ 0.01283524 -0.06245609  0.16634059  0.00540742 -0.06075987 -0.03835114
   0.03706784 -0.00512169]
 [-0.08548966  0.15482579 -0.18731939  0.11211448  0.02203493  0.05588875
   0.01753995 -0.09751454]
 [-0.09207956 -0.05959398 -0.1578587  -0.09263981  0.05112233  0.01161356
  -0.05598064  0.03322452]]
true: [[ 0.28767534 -0.28767534 -0.01043718  0.23628835  0.21062603 -0.08018567
   0.02756477 -0.        ]
 [ 0.26440133 -0.26440133 -0.02009479  0.22836018 -0.20397322 -0.07631423
  -0.03217841 -0.        ]
 [ 0.11114085 -0.11114085 -0.06151941  0.08141061  0.26242288 -0.02516973
   0.01817853 -0.        ]
 [ 0.02206953 -0.02206953  0.42378342 -0.00896477  0.25969137 -0.00545446
   0.14444789 -0.        ]]
###################### i: 15
currQ: [ 2.59795824  0.15465266 -3.61053725 -0.07847026 -2.22948526  0.04708528
  1.0013572  -1.76195051]
corrQ: [ 5.26097798 -4.42027426 -0.02662817  6.10382057  1.65609366  9.30664989
 -2.90213807 -2.94956312]
currError: [ 0.17886656 -0.17783834  0.34853382 -0.52504765]
this is k: 20
approx: [[-0.17515369  0.10694878 -0.0243429   0.12400014  0.06686624  0.07800254
  -0.03523568 -0.03634899]
 [-0.00303959 -0.07398945  0.11730034  0.08548397 -0.05485345  0.05240157
  -0.01283268 -0.04027475]
 [-0.14671346  0.13300947 -0.05908847  0.06667761  0.06546389  0.03506626
  -0.00862692 -0.01007414]
 [-0.17580131  0.00406784 -0.23159844 -0.00216427  0.21526169  0.07988655
  -0.14776459  0.00162557]]
true: [[ 0.29490711 -0.29490711  0.00810899  0.24599651 -0.11648261 -0.11097735
   0.06544565 -0.        ]
 [-0.12774109  0.12774109  0.00337193 -0.09871392 -0.24626706 -0.03370514
  -0.04160345 -0.        ]
 [ 0.36025114 -0.36025114 -0.02018941  0.30001011  0.00299495 -0.10079267
   0.07840706 -0.        ]
 [ 0.00176163 -0.00176163  0.34832041 -0.04629873  0.19254674  0.06192793
   0.13276509 -0.        ]]
###################### i: 16
currQ: [ 2.07186044  0.59668009 -3.60787444 -0.68885232 -2.39509462 -0.88357971
  1.29157101 -1.4669942 ]
corrQ: [-0.1519641   0.75270279  0.20143187 -1.17285062 -1.06254088 -1.20265523
  1.46755952  0.81120477]
currError: [-0.28927457 -0.18810285 -0.10025678 -0.55467056]
this is k: 20
approx: [[-0.15073026  0.08353842 -0.00912164  0.12053418  0.01865057  0.08489138
  -0.0230428  -0.03975966]
 [-0.01488423 -0.07992433  0.13176634  0.08631773 -0.04274253  0.06191719
  -0.02428011 -0.03707889]
 [-0.1269815   0.12675046 -0.06259655  0.06262215  0.03491118  0.03013629
   0.00590339 -0.01487218]
 [-0.10298688 -0.08573255 -0.16758086 -0.00880531  0.0571827   0.11948304
  -0.12089936 -0.00928776]]
true: [[ 0.34077446 -0.34077446  0.00578085  0.28370233 -0.06777539 -0.1022366
   0.06886396 -0.        ]
 [-0.10073176  0.10073176 -0.00577517 -0.0746771  -0.27532858 -0.03842819
  -0.04061504 -0.        ]
 [ 0.39295416 -0.39295416 -0.02429708  0.325961    0.06429187 -0.09002719
   0.08064152 -0.        ]
 [ 0.00491175 -0.00491175  0.3911127  -0.04699925  0.22526853  0.0603395
   0.13297957 -0.        ]]
###################### i: 17
currQ: [ 2.08705685  0.52140981 -3.62801762 -0.57156726 -2.28884054 -0.76331418
  1.14481506 -1.54811468]
corrQ: [-0.60756666  0.59143709  0.67776499 -1.24074683 -0.14485077 -2.12501591
  1.66403835  0.53875733]
currError: [-0.25761034 -0.24178218 -0.03529536 -0.55916063]
this is k: 20
approx: [[-0.14686256  0.08824681 -0.01315079  0.11366782  0.01571179  0.07419804
  -0.01458639 -0.03974221]
 [-0.01839769 -0.08155483  0.14927302  0.08047854 -0.04328814  0.05750261
  -0.02039715 -0.02518727]
 [-0.11977123  0.13390191 -0.08217179  0.05949464  0.03118763  0.02148201
   0.0127413  -0.02492285]
 [-0.10975438 -0.09305633 -0.13054383 -0.01685551  0.06188281  0.11542425
  -0.11835116  0.01415769]]
true: [[ 0.36097399 -0.36097399  0.00747111  0.30501923 -0.01973832 -0.09540265
   0.0611473  -0.        ]
 [-0.05410374  0.05410374 -0.04408413 -0.03131857 -0.3118039  -0.03612823
  -0.05702818 -0.        ]
 [ 0.39033693 -0.39033693 -0.00673095  0.32510642  0.13533608 -0.08275149
   0.08138026 -0.        ]
 [ 0.01013921 -0.01013921  0.4061219  -0.04822465  0.21759632  0.0417135
   0.13232623 -0.        ]]
###################### i: 18
currQ: [ 2.14781352  0.4622661  -3.69579412 -0.44749257 -2.27435546 -0.55081259
  0.97841122 -1.60199041]
corrQ: [-0.59559448  0.69725397  0.20972741 -1.11784003 -0.67343717 -2.55878437
  2.19904578 -0.23328415]
currError: [-0.20406215 -0.26152576  0.03882164 -0.60863398]
this is k: 20
approx: [[-0.14196146  0.09379512 -0.02152312  0.10743576  0.01156611  0.06331806
  -0.00543026 -0.04285096]
 [-0.02139    -0.08188017  0.16892266  0.06970856 -0.04675856  0.04739682
  -0.01149233 -0.01143524]
 [-0.11234006  0.14058836 -0.10795634  0.06179287  0.02904104  0.01807213
   0.01507692 -0.03975949]
 [-0.11183406 -0.0945501  -0.09516408 -0.03856839  0.05817814  0.09493136
  -0.0991549   0.03832735]]
true: [[ 0.38082693 -0.38082693  0.01323262  0.32522475  0.03786616 -0.08198393
   0.05102039 -0.        ]
 [-0.00599492  0.00599492 -0.06371241  0.01223083 -0.32957159 -0.02594327
  -0.07244187 -0.        ]
 [ 0.38295727 -0.38295727  0.00450164  0.31977825  0.20135197 -0.07250239
   0.0793994  -0.        ]
 [ 0.01558247 -0.01558247  0.42572462 -0.04874176  0.23020169  0.02405518
   0.12960998 -0.        ]]
###################### i: 19
currQ: [ 2.20737297  0.3925407  -3.71676686 -0.33570857 -2.20701174 -0.29493416
  0.75850664 -1.578662  ]
corrQ: [ 0.0162879   0.75500489 -0.47970694 -0.70758652 -1.21007313 -2.81645979
  2.45332069 -1.28630314]
currError: [-0.14772324 -0.2829217   0.11446877 -0.63059551]
this is k: 20
approx: [[-0.11603653  0.09853969 -0.02491057  0.09635728  0.00591704  0.03840345
   0.0171258  -0.04124808]
 [ 0.03908201 -0.07268025  0.21429388  0.00975997 -0.0711093  -0.03836706
   0.04687779  0.01078883]
 [-0.13423563  0.1384368  -0.14462191  0.09587284  0.04135573  0.05865648
  -0.00955959 -0.05563322]
 [-0.05839429 -0.08289778 -0.06618561 -0.09218832  0.03761449  0.01681694
  -0.02937856  0.05953598]]
true: [[ 0.4047162  -0.4047162   0.0099181   0.34548434  0.07177535 -0.06236055
   0.02818474 -0.        ]
 [ 0.02202084 -0.02202084 -0.0513345   0.03416049 -0.32397837 -0.00859732
  -0.08451475 -0.        ]
 [ 0.38772921 -0.38772921 -0.01152216  0.32439995  0.22335915 -0.06015791
   0.0622786  -0.        ]
 [ 0.01721522 -0.01721522  0.45266973 -0.04823036  0.27283386  0.00724253
   0.13091769 -0.        ]]
###################### i: 20
currQ: [ 2.20574418  0.31704021 -3.66879617 -0.26494992 -2.08600443 -0.01328818
  0.51317457 -1.45003168]
corrQ: [ 4.07232816 -1.88060506 -3.37445957  2.53126576 -2.95420705 -0.98989165
 -1.69878089 -7.2952368 ]
currError: [-0.11356139 -0.31287467  0.16556415 -0.60410448]
this is k: 20
approx: [[-0.07986014  0.03285386  0.15256897  0.11430914  0.02888932  0.09293779
  -0.01120704  0.01987814]
 [ 0.05958394 -0.0776871   0.18325011  0.02240402 -0.07822399 -0.02963281
   0.02936724 -0.02609414]
 [-0.11769142  0.06770703  0.07052918  0.10113789  0.06804564  0.106402
  -0.03126375  0.03928717]
 [-0.01851629 -0.02721459 -0.21748223 -0.06404021  0.0259514   0.01268798
  -0.00990119 -0.02561438]]
true: [[ 0.31858246 -0.31858246  0.0662531   0.26425492 -0.01857767 -0.06145838
   0.02782256 -0.        ]
 [-0.31210443  0.31210443  0.22166642 -0.27783925 -0.12978311  0.06324617
   0.0025959  -0.        ]
 [ 0.45329222 -0.45329222 -0.05360496  0.38916843  0.01722165 -0.09479421
   0.01823481 -0.        ]
 [ 0.00222325 -0.00222325  0.42827653 -0.03868803  0.41128736  0.00127689
   0.15052419 -0.        ]]
###################### i: 21
currQ: [ 1.79851136  0.50510072 -3.33135021 -0.5180765  -1.79058373  0.08570099
  0.68305266 -0.720508  ]
corrQ: [-0.64408959  2.99726297  1.25206425 -4.14204455  0.8028046  -5.5842976
 -2.61113784  5.14522296]
currError: [-0.49679785 -0.24284582 -0.3076489  -0.23264533]
this is k: 20
approx: [[-0.08788299  0.05938141  0.06217797  0.05606569 -0.03746921  0.0217085
   0.01900715  0.00039512]
 [ 0.03014311 -0.07798737  0.23544744 -0.03740285 -0.05413313 -0.07211196
   0.04850715  0.00456525]
 [-0.1090958   0.09628271 -0.05552277  0.08375846 -0.00935807  0.06581549
  -0.01084152 -0.00378342]
 [-0.01642628 -0.04888379 -0.17279649 -0.10788578  0.01116732 -0.02130134
  -0.01944159  0.0071067 ]]
true: [[ 0.43919641 -0.43919641 -0.01083604  0.35504817  0.01837261 -0.0915774
  -0.04024988 -0.        ]
 [-0.08175541  0.08175541  0.13439655 -0.06863691 -0.18777706  0.04900545
   0.02826954 -0.        ]
 [ 0.46244993 -0.46244993 -0.13059793  0.37948769  0.07735095 -0.11359178
  -0.0759111  -0.        ]
 [ 0.00120021 -0.00120021  0.48245311 -0.04005108  0.3700133  -0.06037255
   0.13658924 -0.        ]]
###################### i: 22
currQ: [ 1.86292032  0.20537442 -3.45655664 -0.10387204 -1.87086418  0.64413075
  0.94416645 -1.2350303 ]
corrQ: [ 2.07248602 -3.47006001  0.19443243  4.20670055  2.5422339   3.73372648
 -3.80240019 -1.24138379]
currError: [-0.22721748 -0.37544813  0.04921215 -0.33789486]
this is k: 20
approx: [[-0.05185792  0.01401068  0.1559147   0.09531942  0.024196    0.08523785
  -0.04696155  0.03252645]
 [ 0.04593938 -0.06135506  0.12575787  0.02048674 -0.055134   -0.03152174
   0.02868335 -0.05910297]
 [-0.08616589  0.04248475  0.10004106  0.08275256  0.04791693  0.09880581
  -0.06045907  0.0652532 ]
 [ 0.0122089  -0.053868   -0.17535421 -0.06340218  0.04275971  0.02399735
  -0.05266609 -0.00193033]]
true: [[ 2.10693792e-01 -2.10693792e-01  7.98512006e-02  1.45380249e-01
  -9.03395730e-02 -5.33220822e-02  5.50937237e-02 -0.00000000e+00]
 [-3.37116128e-01  3.37116128e-01  1.40718741e-01 -2.73416387e-01
  -1.61027887e-01  1.21537319e-01  8.98888687e-03 -0.00000000e+00]
 [ 3.64631675e-01 -3.64631675e-01  7.19843617e-03  2.75679046e-01
  -2.58935995e-02 -1.12924087e-01  4.69460973e-02 -0.00000000e+00]
 [-2.16510022e-03  2.16510022e-03  3.74115075e-01 -7.13720642e-02
   3.16275266e-01 -1.97551205e-04  1.37695849e-01 -0.00000000e+00]]
###################### i: 23
currQ: [ 1.65567172  0.55238042 -3.47599988 -0.52454209 -2.12508757  0.2707581
  1.32440647 -1.11089192]
corrQ: [-4.01649215  1.98027328 -0.05583555 -2.70632012 -2.48688269 -4.01277223
  3.14554262  1.54395356]
currError: [-0.53035148 -0.10590658 -0.4044024  -0.34561075]
this is k: 20
approx: [[-0.09571671  0.05389941  0.06915381  0.0539578  -0.03647827  0.02446841
   0.01326403  0.00542444]
 [ 0.0112274  -0.08495114  0.22304567 -0.03430344 -0.06340824 -0.06262647
   0.03744404  0.00210755]
 [-0.1047456   0.09487419 -0.04138927  0.07957228 -0.00304354  0.06242127
  -0.00935798  0.0019486 ]
 [-0.02439285 -0.04751193 -0.17570292 -0.1069774   0.01021125 -0.01859794
  -0.02438275  0.01029558]]
true: [[ 0.42746471 -0.42746471 -0.02673809  0.33639011  0.02039315 -0.09146274
  -0.02666504 -0.        ]
 [-0.1182308   0.1182308   0.14255139 -0.10330633 -0.18553951  0.06150267
   0.03872838 -0.        ]
 [ 0.47107303 -0.47107303 -0.14131153  0.38349192  0.08019082 -0.12181484
  -0.06713082 -0.        ]
 [ 0.00067303 -0.00067303  0.45915793 -0.06070921  0.362309   -0.05956611
   0.1366089  -0.        ]]
###################### i: 24
currQ: [ 2.05732093  0.35435309 -3.47041632 -0.25391008 -1.87639931  0.67203532
  1.0098522  -1.26528728]
corrQ: [ 2.42151726 -4.01301933 -0.10460072  4.64055203  2.79954644  3.82713095
 -3.36555173 -2.26800995]
currError: [-0.27034091 -0.36241353 -0.00333743 -0.3303359 ]
this is k: 20
approx: [[-0.05975217 -0.00370945  0.16282124  0.10109231  0.01448589  0.09022739
  -0.07478912  0.02259535]
 [ 0.03209657 -0.04551131  0.09165764  0.02088952 -0.07528701 -0.04268628
   0.04714068 -0.06464245]
 [-0.08618236  0.01817094  0.12317116  0.08694367  0.04746917  0.10734578
  -0.09455856  0.05847465]
 [ 0.0090947  -0.04352868 -0.18493949 -0.05507807  0.04649237  0.02782223
  -0.04689583  0.00369928]]
true: [[ 0.12965258 -0.12965258  0.09293197  0.06965371 -0.10563405 -0.02223649
   0.06601267 -0.        ]
 [-0.36206481  0.36206481  0.15844949 -0.29480764 -0.14290479  0.13194228
  -0.00544754 -0.        ]
 [ 0.2915817  -0.2915817   0.02131347  0.20699283 -0.04677251 -0.08219443
   0.06615478 -0.        ]
 [-0.00166286  0.00166286  0.31488651 -0.08188254  0.31033763  0.00369847
   0.13144885 -0.        ]]
###################### i: 25
currQ: [ 1.81516921  0.75565503 -3.45995625 -0.71796529 -2.15635395  0.28932223
  1.34640738 -1.03848628]
corrQ: [-2.7073722   2.53711102  0.37821175 -2.75704766 -0.94716983 -3.26106334
  3.17141181  2.26593166]
currError: [-0.55872072 -0.01175264 -0.47610098 -0.32826314]
this is k: 20
approx: [[-0.09465907  0.03924517  0.10875712  0.05633796 -0.01699235  0.03674675
  -0.00263518  0.02569834]
 [ 0.01978651 -0.07752076  0.18707895 -0.00956094 -0.05674983 -0.04620655
   0.02990928 -0.0196478 ]
 [-0.10958025  0.07639156  0.0168347   0.06584215  0.00978848  0.06314267
  -0.01956611  0.0338637 ]
 [-0.01718855 -0.05590539 -0.14497815 -0.09969657  0.03414201 -0.00504229
  -0.03860104  0.02438687]]
true: [[ 0.35246945 -0.35246945 -0.00876791  0.27538268 -0.02668441 -0.07375493
  -0.00512076 -0.        ]
 [-0.2145603   0.2145603   0.10832277 -0.18239184 -0.23078931  0.08863217
   0.01873904 -0.        ]
 [ 0.45493613 -0.45493613 -0.08471643  0.37183375  0.06621649 -0.12316988
  -0.02911284 -0.        ]
 [-0.00060627  0.00060627  0.39816002 -0.0837938   0.3284133  -0.03514483
   0.15074734 -0.        ]]
###################### i: 26
currQ: [ 2.08590643  0.50194392 -3.49777743 -0.44226052 -2.06163697  0.61542856
  1.02926619 -1.26507945]
corrQ: [  2.25546379  -6.2313574   -4.46046838  10.75252847  -3.5170046
   3.86269408  -2.60080707 -10.06398921]
currError: [-0.38745357 -0.2685221  -0.17074    -0.40031125]
this is k: 20
approx: [[-0.07200459  0.04259889  0.02229304  0.14492905 -0.00187183  0.0631664
  -0.0082198  -0.03570401]
 [-0.0251562   0.05825115 -0.02364011 -0.07361964 -0.08725989 -0.21069225
   0.18618164 -0.11823688]
 [-0.0722112   0.012489    0.04300729  0.16456153  0.03733323  0.14785496
  -0.09052931  0.02475628]
 [-0.01953228  0.01232294 -0.30921911 -0.04271781 -0.01928035 -0.01784004
   0.02997999 -0.04880542]]
true: [[-0.30766118  0.30766118  0.32793031 -0.26967241  0.09929684  0.09847689
   0.10742701 -0.        ]
 [-0.18706896  0.18706896  0.29972012 -0.21209628 -0.06186999  0.09445746
  -0.08707928 -0.        ]
 [-0.1786708   0.1786708   0.17435289 -0.13761504  0.09104332  0.0477079
   0.12085598 -0.        ]
 [ 0.01638225 -0.01638225 -0.06179148  0.04443424  0.30576383 -0.04508509
   0.05349807 -0.        ]]
###################### i: 27
currQ: [ 1.86036005  1.12507966 -3.05173059 -1.51751337 -1.70993651  0.22915916
  1.2893469  -0.25868053]
corrQ: [-1.79017196 -0.52659455  0.63947352 -2.17063443 -0.09752788 -1.64994218
  0.37787589  0.90401079]
currError: [-0.33328515  0.47864972 -0.46642912 -0.07801224]
this is k: 20
approx: [[-0.07097288  0.01556543  0.057328    0.15333751  0.01528122  0.10331949
  -0.0555998  -0.01763507]
 [-0.00291545  0.05617149 -0.01571774 -0.03435661 -0.07249691 -0.17298862
   0.17094213 -0.11361526]
 [-0.08042837 -0.01051851  0.06976963  0.15535773  0.04588237  0.16689735
  -0.12570647  0.03843619]
 [-0.02055365  0.01502632 -0.30617094 -0.04641496 -0.01747555 -0.01924085
   0.03148025 -0.04823433]]
true: [[-0.2213074   0.2213074   0.28512337 -0.20508131  0.08936788  0.06174183
   0.12928521 -0.        ]
 [-0.28356427  0.28356427  0.33535556 -0.28393879 -0.05082242  0.116697
  -0.0423493  -0.        ]
 [-0.07291432  0.07291432  0.13116341 -0.05955118  0.08334596  0.0103688
   0.12751806 -0.        ]
 [ 0.01931359 -0.01931359  0.01511922  0.02721349  0.31480584 -0.05866923
   0.05477538 -0.        ]]
###################### i: 28
currQ: [ 2.03937724  1.17773912 -3.11567794 -1.30044992 -1.70018372  0.39415337
  1.25155931 -0.34908161]
corrQ: [-1.79317589 -0.31912862  0.69736491 -2.29749737 -0.12828523 -1.93301644
  0.65482146  1.18652802]
currError: [-0.44902557  0.3760942  -0.52591113 -0.07199636]
this is k: 20
approx: [[-0.07062774 -0.02427649  0.12672362  0.10989046 -0.01242215  0.10928535
  -0.09593937  0.02663668]
 [ 0.0390038   0.04746736  0.00614782  0.02249231 -0.04509659 -0.09703546
   0.13452448 -0.10572444]
 [-0.09687734 -0.04537783  0.12665285  0.09039505  0.00671724  0.14025285
  -0.15026726  0.07837317]
 [-0.00424577  0.02176855 -0.29915842 -0.04415674 -0.01821831 -0.00912227
   0.0429774  -0.05052299]]
true: [[-0.09662755  0.09662755  0.21851906 -0.10748979  0.06502406  0.02005335
   0.12810783 -0.        ]
 [-0.36023419  0.36023419  0.35251136 -0.33943139 -0.04464468  0.12151292
   0.01509801 -0.        ]
 [ 0.06392038 -0.06392038  0.07041405  0.04584327  0.06472109 -0.0288261
   0.11050117 -0.        ]
 [ 0.01913211 -0.01913211  0.10660301  0.00407567  0.32990308 -0.07407362
   0.06121878 -0.        ]]
###################### i: 29
currQ: [ 2.21869483  1.20965198 -3.18541443 -1.07070019 -1.6873552   0.58745502
  1.18607717 -0.46773441]
corrQ: [-1.30028157 -0.0269192   0.75845746 -2.72201551  0.130894   -3.06631033
  1.34263064  1.25932011]
currError: [-0.54251543  0.23055847 -0.55504261 -0.08210369]
this is k: 20
approx: [[-0.11000067 -0.04600702  0.14928865  0.0561779  -0.00264297  0.07237738
  -0.1090353   0.0320979 ]
 [ 0.04701381  0.01103713  0.04032468  0.06009105  0.00633114 -0.01660351
   0.04144596 -0.08637723]
 [-0.13449085 -0.05176643  0.13409009  0.02907912 -0.00445226  0.07815611
  -0.12771585  0.07639109]
 [-0.03513735  0.01091356 -0.28515158 -0.06148742 -0.01006386 -0.0253186
   0.04224834 -0.04775913]]
true: [[ 0.05433655 -0.05433655  0.13953801  0.01774767  0.00708274 -0.0052113
   0.08616735 -0.        ]
 [-0.3982398   0.3982398   0.31097465 -0.36348563 -0.06425428  0.09942948
   0.07557729 -0.        ]
 [ 0.22140942 -0.22140942  0.01279827  0.17481585  0.02431694 -0.0464823
   0.05022004 -0.        ]
 [ 0.01266408 -0.01266408  0.22278351 -0.02666416  0.35399291 -0.09541248
   0.07475119 -0.        ]]
###################### i: 30
currQ: [ 2.34872299  1.2123439  -3.26126018 -0.79849863 -1.7004446   0.89408605
  1.0518141  -0.59366642]
corrQ: [ -5.49034348  -0.09770568   1.47043083   3.83030766   4.40720499
 -11.20656175   9.41716352   6.65611153]
currError: [-0.59277184  0.05959939 -0.5377257  -0.14361119]
this is k: 20
approx: [[-0.1900658   0.00712688  0.02262361 -0.03066337 -0.00891314 -0.10628647
   0.00332627 -0.04052297]
 [ 0.0118479  -0.00527685  0.06923913  0.00700785 -0.00156662 -0.01439139
   0.00598685 -0.08686035]
 [-0.1856979   0.0035694   0.00566654 -0.02818485 -0.01094296 -0.07856079
  -0.00710325  0.01121169]
 [-0.11540203 -0.02844634 -0.22405103 -0.0866418   0.02354936 -0.10679516
   0.03215929 -0.00109852]]
true: [[ 0.16432383 -0.16432383 -0.01611165  0.13350827 -0.18728394  0.00957507
  -0.02091557 -0.        ]
 [-0.29912519  0.29912519  0.07561896 -0.27280313 -0.23129693  0.00265536
   0.13440375 -0.        ]
 [ 0.30889936 -0.30889936 -0.05366485  0.27128977 -0.08638138  0.00900696
  -0.08610719 -0.        ]
 [-0.00910048  0.00910048  0.15160412 -0.09792582  0.32021704 -0.01316051
  -0.00182727 -0.        ]]
###################### i: 31
currQ: [ 2.89775734  1.22211447 -3.40830326 -1.1815294  -2.14116509  2.01474223
  0.11009775 -1.25927757]
corrQ: [ 1.33681525 -0.85485292  0.50205433  0.24622992 -0.0968922   1.90576762
 -0.54755302  0.75328426]
currError: [-0.49040759 -0.03914678 -0.39171348 -0.48801827]
this is k: 20
approx: [[-1.93820070e-01 -5.35321372e-03  4.81180160e-02 -2.95262148e-02
   5.46595818e-05 -1.01965931e-01  5.38429597e-03 -2.13194327e-02]
 [ 2.74999304e-02  3.71628030e-03  5.39253845e-02  1.78573072e-02
  -1.07108842e-02 -1.82291438e-03  1.49688486e-03 -9.87911804e-02]
 [-1.98157459e-01 -1.19635355e-02  3.51298923e-02 -3.41481984e-02
   1.15116544e-03 -8.30019815e-02 -2.92301517e-03  3.35751103e-02]
 [-1.02084927e-01 -3.58001367e-02 -2.01480141e-01 -6.90249868e-02
   3.19130248e-02 -8.26606232e-02  3.22920827e-02  1.64821004e-02]]
true: [[ 0.08652609 -0.08652609  0.00401104  0.0544099  -0.2261496   0.01405087
   0.00118048 -0.        ]
 [-0.33450588  0.33450588  0.08165769 -0.29537452 -0.19188554  0.0053871
   0.13008827 -0.        ]
 [ 0.24404888 -0.24404888 -0.03100107  0.19917662 -0.14053508  0.01210826
  -0.05886718 -0.        ]
 [-0.0119894   0.0119894   0.14074431 -0.11816762  0.31236608 -0.01941159
   0.03334872 -0.        ]]
###################### i: 32
currQ: [ 2.76407581  1.30759976 -3.45850869 -1.20615239 -2.13147587  1.82416546
  0.16485305 -1.334606  ]
corrQ: [ 1.53576349 -1.04742052  0.50877439  0.28432482 -0.45548933  2.4275805
 -0.87714316  0.17573422]
currError: [-0.5319933   0.05263346 -0.47718227 -0.48204363]
this is k: 20
approx: [[-0.18288397 -0.03282855  0.07772341 -0.01573794 -0.00209107 -0.07381163
  -0.00273944 -0.00430214]
 [ 0.0280616   0.01160069  0.01682228  0.02058378 -0.0207106  -0.00602604
  -0.01073844 -0.12415109]
 [-0.20033551 -0.04378436  0.06887902 -0.02649454  0.00805523 -0.06614948
  -0.01060903  0.05647779]
 [-0.00041122 -0.01317126 -0.12099335 -0.02703988  0.0009476   0.01500781
   0.07346114  0.05163071]]
true: [[-0.01178432  0.01178432  0.03476977 -0.04535211 -0.24764908  0.02206766
   0.02624956 -0.        ]
 [-0.36154494  0.36154494  0.09804848 -0.30300514 -0.13898061  0.01121125
   0.11159181 -0.        ]
 [ 0.15367118 -0.15367118 -0.00279834  0.09847787 -0.18125085  0.01709785
  -0.02159585 -0.        ]
 [-0.01268848  0.01268848  0.13396679 -0.13976528  0.31400377 -0.0274178
   0.0720871  -0.        ]]
###################### i: 33
currQ: [ 2.61049946  1.41234181 -3.50938613 -1.23458488 -2.08592694  1.58140741
  0.25256737 -1.35217942]
corrQ: [ 2.27871069 -1.01628858  0.32874722  0.49344752  0.09292334  2.91096271
 -5.88989383 -0.44490602]
currError: [-0.56259899  0.16685967 -0.55689042 -0.45254413]
this is k: 20
approx: [[-0.15865752 -0.03501525  0.07037885  0.02234654  0.00221699 -0.02359403
  -0.0349702   0.0010363 ]
 [ 0.02672715  0.03909639 -0.02851727  0.00465937 -0.0425765  -0.03907646
   0.01620544 -0.17113285]
 [-0.17892626 -0.05483445  0.07886048  0.01143278  0.0190471  -0.01196492
  -0.04813742  0.07828494]
 [ 0.03067222 -0.00929558 -0.14165368  0.02038543  0.01009967  0.07328391
   0.03258288  0.05103037]]
true: [[-0.17623572  0.17623572  0.11607994 -0.21173855 -0.22770832  0.07952785
   0.07873616 -0.        ]
 [-0.30790634  0.30790634  0.13881418 -0.21915956 -0.05411518  0.03310284
   0.01513865 -0.        ]
 [-0.02908982  0.02908982  0.05692343 -0.09869123 -0.18778352  0.06120217
   0.06868124 -0.        ]
 [-0.00532306  0.00532306  0.07076137 -0.14069936  0.28439005 -0.06310537
   0.11364538 -0.        ]]
###################### i: 34
currQ: [ 2.3826284   1.51397067 -3.54226085 -1.28392963 -2.09521928  1.29031114
  0.84155675 -1.30768882]
corrQ: [ 2.71156066  0.66972996 -1.12680279 -7.15696245 -1.49919862 -4.47819075
 -2.78164807 -0.36504317]
currError: [-0.49366532  0.35365825 -0.56222806 -0.36192105]
this is k: 20
approx: [[-0.11213403 -0.04526046  0.11536971 -0.0616921  -0.04258997 -0.08435982
  -0.01412411  0.01417861]
 [ 0.02365932  0.01916826 -0.0026278   0.05213407 -0.02023105  0.02359829
   0.00954126 -0.13581474]
 [-0.12524313 -0.05478704  0.11782839 -0.07178377 -0.02850005 -0.08146475
  -0.02306504  0.08246767]
 [-0.0480878  -0.04308637 -0.18708271 -0.11836286 -0.01704374 -0.03662091
  -0.02700477 -0.00441755]]
true: [[-0.07784859  0.07784859  0.11199936 -0.09381711 -0.20845475  0.07711877
   0.09760998 -0.        ]
 [-0.34779427  0.34779427  0.08146325 -0.28882508 -0.08297359  0.01261349
   0.05476738 -0.        ]
 [ 0.0809976  -0.0809976   0.07515639  0.03988288 -0.15972757  0.06915716
   0.07316043 -0.        ]
 [-0.00904676  0.00904676  0.23701553 -0.08588257  0.25431038 -0.1076457
   0.07923951 -0.        ]]
###################### i: 35
currQ: [ 2.11147233  1.44699768 -3.42958058 -0.56823338 -1.94529941  1.73813022
  1.11972156 -1.2711845 ]
corrQ: [ 0.22036542  0.18598998 -0.4077545   3.04622793  0.82705889  2.93203494
 -0.68495352 -0.19404871]
currError: [-0.54374648  0.24094065 -0.56713686 -0.40500266]
this is k: 20
approx: [[-8.83390341e-02 -3.80513620e-02  1.17353847e-01 -1.75084426e-03
  -2.17503458e-02 -2.69796417e-02 -2.60765873e-02  2.21392237e-02]
 [ 1.93024677e-02  4.28509054e-02 -3.26789310e-02  4.24361395e-02
  -4.43402840e-02 -1.19552761e-04  3.25196675e-02 -1.59602710e-01]
 [-1.02871853e-01 -5.64754501e-02  1.29937745e-01 -1.69354152e-02
  -1.85318147e-03 -2.42855165e-02 -4.07691734e-02  9.76715271e-02]
 [-2.02529860e-02 -3.49759655e-02 -1.87539680e-01 -6.07970630e-02
   2.85731754e-03  1.96151612e-02 -3.89019844e-02  1.92927977e-03]]
true: [[-0.17128907  0.17128907  0.15167721 -0.18905555 -0.18266249  0.08435128
   0.10427051 -0.        ]
 [-0.30229457  0.30229457  0.11669332 -0.24350028 -0.03326623  0.02710194
   0.00961468 -0.        ]
 [-0.02635608  0.02635608  0.09663481 -0.0675932  -0.1529465   0.06752552
   0.09452838 -0.        ]
 [-0.00390244  0.00390244  0.13823682 -0.08033079  0.26219891 -0.10121648
   0.09144511 -0.        ]]
###################### i: 36
currQ: [ 2.08943579  1.42839868 -3.38880512 -0.87285618 -2.0280053   1.44492672
  1.18821691 -1.25177963]
corrQ: [-2.74236014  6.07844473 -2.45017491 10.02436529  0.70654268  5.19551774
  3.84961718  2.88177566]
currError: [-0.48624956  0.34629663 -0.55227169 -0.3472737 ]
this is k: 20
approx: [[-0.08195415  0.02168863  0.05973737  0.13735185  0.03529198  0.06340274
  -0.02178225 -0.0019519 ]
 [-0.02729709  0.01243569 -0.00789676 -0.07121204 -0.05630031 -0.09500804
   0.01731234 -0.17781613]
 [-0.07691197  0.00939823  0.06948082  0.15066057  0.05125368  0.0984352
  -0.03420329  0.07902714]
 [-0.00720064 -0.00237362 -0.22431267  0.01990154  0.02308262  0.0329769
   0.01766802  0.03231786]]
true: [[-0.19757421  0.19757421  0.01151229 -0.19781591 -0.12519797  0.06089615
   0.07735037 -0.        ]
 [-0.30541866  0.30541866  0.23078979 -0.29544177  0.02212751  0.04820024
   0.04937062 -0.        ]
 [-0.04930921  0.04930921 -0.08419539 -0.05422947 -0.12694155  0.03687832
   0.0520142  -0.        ]
 [-0.00160952  0.00160952 -0.18616333 -0.00225499  0.33860251 -0.06921731
   0.10247847 -0.        ]]
###################### i: 37
currQ: [ 2.3636718   0.82055421 -3.14378763 -1.87529271 -2.09865957  0.92537495
  0.80325519 -1.5399572 ]
corrQ: [-0.16814406 -0.86845216  0.83327239 -3.0007406  -1.29201042 -1.32459985
 -0.3952174   0.09958906]
currError: [-0.48860174  0.37493628 -0.56464602 -0.32062918]
this is k: 20
approx: [[-0.1352772  -0.01532344  0.08516406  0.07614242  0.02803814  0.02544978
  -0.03089833  0.03376791]
 [ 0.01273434  0.02417379  0.01531423 -0.02296455 -0.03727277 -0.05022901
   0.03143085 -0.15969157]
 [-0.14423337 -0.02942502  0.08448331  0.06994399  0.0355416   0.0420037
  -0.04531413  0.10650124]
 [-0.01101478 -0.00558734 -0.24530242  0.03567901  0.02658144  0.03717472
  -0.00870728  0.00954178]]
true: [[-0.11562835  0.11562835  0.02749493 -0.13719491 -0.09974496  0.04553821
   0.08338067 -0.        ]
 [-0.35422479  0.35422479  0.26937729 -0.33770368 -0.04797288  0.06151076
   0.05957019 -0.        ]
 [ 0.0456743  -0.0456743  -0.08216217  0.01986543 -0.07680614  0.01759965
   0.05466456 -0.        ]
 [ 0.00342646 -0.00342646 -0.07659199 -0.02756701  0.35108999 -0.08230379
   0.09156597 -0.        ]]
###################### i: 38
currQ: [ 2.38048621  0.90739942 -3.22711487 -1.57521864 -1.96945853  1.05783493
  0.84277693 -1.5499161 ]
corrQ: [ 1.07071444 -0.42206611  0.0220842  -3.9639683  -2.02223087 -1.38557757
  0.30866494 -0.14309964]
currError: [-0.54465275  0.27232462 -0.57670335 -0.26559856]
this is k: 20
approx: [[-0.16237938 -0.03250013  0.13323721 -0.01071899 -0.00456162 -0.02091412
  -0.0159554   0.06967263]
 [ 0.0288861   0.0144456   0.03596352  0.01568385 -0.01274259 -0.01557712
   0.02596535 -0.13390748]
 [-0.17730169 -0.04102705  0.11591128 -0.0175354   0.00169256 -0.01180305
  -0.03280847  0.12762052]
 [-0.01321531  0.00059287 -0.22679043 -0.03245286 -0.01842806  0.00238185
   0.01759163  0.01113529]]
true: [[-0.02618022  0.02618022  0.06890336 -0.0507055  -0.04939258  0.02059089
   0.07589699 -0.        ]
 [-0.39833618  0.39833618  0.29597422 -0.37685845 -0.07004269  0.05799557
   0.09301844 -0.        ]
 [ 0.14654391 -0.14654391 -0.04677964  0.11611945 -0.02302123 -0.0048973
   0.03465239 -0.        ]
 [ 0.00850763 -0.00850763  0.07830823 -0.02547349  0.36776671 -0.0956687
   0.06575677 -0.        ]]
###################### i: 39
currQ: [ 2.27341476  0.94960603 -3.22932329 -1.17882182 -1.76723544  1.19639269
  0.81191044 -1.53560614]
corrQ: [  2.20064174  -3.39788703  -0.69822468   1.66454447   2.32299471
   5.66239268 -11.66444836  -4.22884506]
currError: [-0.59532318  0.16107708 -0.58078925 -0.20837262]
this is k: 20
approx: [[-0.08536373  0.01606564  0.07076428  0.0859639  -0.05074187  0.03780519
  -0.0259786  -0.02401725]
 [ 0.00255478  0.03282353 -0.00668189 -0.00833221 -0.08383546 -0.05890871
   0.11302829 -0.11024707]
 [-0.09439982 -0.00059242  0.07918438  0.08196935 -0.01328733  0.06027062
  -0.0752068   0.0359126 ]
 [ 0.00744771  0.00024281 -0.23186568 -0.0337477  -0.0026701  -0.00033193
   0.01765598 -0.0332623 ]]
true: [[-0.21168842  0.21168842  0.25992937 -0.20900732  0.0115742   0.08702161
   0.09916656 -0.        ]
 [-0.16586717  0.16586717  0.25174297 -0.15348872 -0.02221271  0.07689951
  -0.10591101 -0.        ]
 [-0.10986736  0.10986736  0.13108761 -0.11294094  0.00664333  0.04611919
   0.12747732 -0.        ]
 [ 0.00842133 -0.00842133 -0.0213532   0.00363822  0.22702532 -0.06840334
   0.01331223 -0.        ]]
###################### i: 40
currQ: [ 2.05335059  1.28939474 -3.15950083 -1.34527626 -1.99953491  0.63015342
  1.97835528 -1.11272163]
corrQ: [-0.88960761 -0.20968591  1.17579878 -3.46784119 -0.72660836 -2.69553812
  2.70433473  1.47835315]
currError: [-0.31312976  0.37427127 -0.41014869 -0.16086307]
this is k: 20
approx: [[-1.02601304e-01 -1.85076572e-02  1.19952032e-01  5.55254089e-02
  -4.96790759e-02  3.25127079e-02 -5.70421675e-02  8.26028607e-05]
 [ 1.61027642e-02  2.65830826e-02  2.60965573e-03  1.60532581e-02
  -6.29850592e-02 -3.62433421e-02  9.14589266e-02 -1.13111216e-01]
 [-1.14266108e-01 -2.84239339e-02  1.17325686e-01  4.76238322e-02
  -1.95258745e-02  4.80929567e-02 -9.47808047e-02  5.70044442e-02]
 [-3.40508765e-03 -5.79505427e-03 -2.16784642e-01 -5.61681953e-02
  -1.23337497e-02 -1.23720220e-02  2.06910611e-02 -2.05640119e-02]]
true: [[-1.37148527e-01  1.37148527e-01  2.24900712e-01 -1.64595046e-01
  -2.80441423e-02  6.43657531e-02  1.29084441e-01 -0.00000000e+00]
 [-2.84991789e-01  2.84991789e-01  2.46698431e-01 -2.39680472e-01
  -4.49677413e-02  9.80240787e-02 -4.52787550e-02 -0.00000000e+00]
 [-1.36673137e-04  1.36673137e-04  1.09719387e-01 -4.30661931e-02
  -1.41557104e-02  1.98758214e-02  1.35438937e-01 -0.00000000e+00]
 [ 9.33738860e-03 -9.33738860e-03  9.22130416e-02 -2.98978096e-02
   2.56808514e-01 -9.22939276e-02  4.55671596e-02 -0.00000000e+00]]
###################### i: 41
currQ: [ 2.14231135  1.31036333 -3.2770807  -0.99849214 -1.92687408  0.89970724
  1.7079218  -1.26055695]
corrQ: [-2.1469015   4.52150219  1.25061112 -0.3505671   2.3367147  -2.89459619
  9.02225067  5.1057485 ]
currError: [-0.45728353  0.28864    -0.50208925 -0.18163771]
this is k: 20
approx: [[-1.66978584e-01  8.13670132e-03  9.04540507e-02 -1.75379438e-02
   2.15604305e-02 -3.90043133e-02  1.60588095e-03  5.22711881e-02]
 [ 1.15486814e-02 -1.01168918e-02  8.21639131e-02 -7.30938045e-05
  -3.27965306e-03 -2.40478897e-02  2.02827035e-02 -8.52864639e-02]
 [-1.66846897e-01  5.80743916e-03  5.85706434e-02 -1.28784845e-02
   1.65056315e-02 -1.57363762e-02 -1.41432028e-02  8.97517659e-02]
 [-7.96044746e-02 -1.51741247e-02 -1.86445653e-01 -7.11090642e-02
   3.61580733e-02 -4.76283271e-02  1.24044350e-02  6.44183364e-02]]
true: [[ 0.1163857  -0.1163857   0.00262255  0.075528   -0.1566394   0.02806163
   0.0028187  -0.        ]
 [-0.33242481  0.33242481  0.13055212 -0.30026961 -0.20188001  0.08257862
   0.06716999 -0.        ]
 [ 0.27013197 -0.27013197 -0.05492311  0.2207347  -0.06802761 -0.00865716
  -0.0321161  -0.        ]
 [-0.00693375  0.00693375  0.1585447  -0.09433239  0.30221608 -0.06232346
   0.12363398 -0.        ]]
###################### i: 42
currQ: [ 2.3570015   0.85821311 -3.40214182 -0.96343543 -2.16054555  1.18916686
  0.80569674 -1.7711318 ]
corrQ: [ 1.92129588 -1.80137707 -0.03369308  0.74751326 -1.44985791  2.68341297
 -1.33179516 -0.71123276]
currError: [-0.52686998  0.01146051 -0.45378047 -0.41504961]
this is k: 20
approx: [[-0.11644417 -0.03859319  0.16080018  0.00146995 -0.03814926  0.01982356
  -0.04630527  0.08313604]
 [ 0.03462016  0.00730266  0.04582892  0.00478693 -0.02309226 -0.01988479
   0.0261132  -0.11675406]
 [-0.13922319 -0.04330918  0.13820562 -0.00416896 -0.02656423  0.02502734
  -0.06043751  0.13293664]
 [ 0.00193168 -0.01913041 -0.19669694 -0.01470929 -0.00188725  0.03900984
   0.00966737  0.03973071]]
true: [[-0.01383748  0.01383748  0.08903846 -0.06231756 -0.13384098  0.042883
   0.05712989 -0.        ]
 [-0.38703245  0.38703245  0.19665452 -0.33171297 -0.11953512  0.09361729
   0.03640136 -0.        ]
 [ 0.15731932 -0.15731932  0.01268593  0.09023956 -0.07925844  0.002967
   0.04074617 -0.        ]
 [-0.00044061  0.00044061  0.16582145 -0.09173865  0.33311152 -0.06121091
   0.12313622 -0.        ]]
###################### i: 43
currQ: [ 2.16487191  1.03835082 -3.39877251 -1.03818676 -2.01555976  0.92082556
  0.93887625 -1.70000852]
corrQ: [-2.4678468   2.93818209 -1.0084926  -3.52336149  7.59701297 -8.63929306
 -2.60162185 -3.03874837]
currError: [-0.58661509  0.15614298 -0.57311216 -0.30801955]
this is k: 20
approx: [[-0.13771546  0.04141777  0.02625191  0.05118448  0.00635474 -0.01079185
   0.00314201 -0.02013843]
 [ 0.0172266  -0.00402377  0.0576856   0.01290074 -0.04748489 -0.02871897
   0.04844101 -0.11029824]
 [-0.14275674  0.03659265  0.01602528  0.04799248  0.01622478  0.01524769
  -0.01898612  0.0397893 ]
 [-0.07831196 -0.03120934 -0.24134236 -0.08895048  0.09444204 -0.0700868
  -0.04998129  0.00090426]]
true: [[ 0.00419966 -0.00419966 -0.00496454 -0.00488327 -0.1653042   0.08381592
  -0.00625359 -0.        ]
 [-0.16342609  0.16342609  0.04975663 -0.15060118 -0.26538828  0.08888387
   0.03988211 -0.        ]
 [ 0.08404006 -0.08404006 -0.02805461  0.07072797 -0.03480454  0.03966545
  -0.03353902 -0.        ]
 [-0.00861057  0.00861057 -0.01023579 -0.03416019  0.04624596 -0.02745576
   0.13530291 -0.        ]]
###################### i: 44
currQ: [ 2.41165659  0.74453261 -3.29792325 -0.68585061 -2.77526105  1.78475486
  1.19903844 -1.39613368]
corrQ: [ 1.32698598 -2.37255134  1.07130409 -0.9037852  -2.27682763  1.37288039
  0.25319506  0.08187714]
currError: [-0.32928617  0.15446669 -0.32001823 -0.53186206]
this is k: 20
approx: [[-0.14739667 -0.00869695  0.06667709 -0.05032727 -0.03429921 -0.07541884
  -0.00851073  0.00301512]
 [ 0.04828586  0.00943765  0.05413641  0.03607887 -0.01839293  0.00875255
   0.03271491 -0.10234475]
 [-0.16969981 -0.0150888   0.045793   -0.05164888 -0.02501497 -0.06220399
  -0.02862027  0.05384393]
 [-0.05195459 -0.048844   -0.15711103 -0.15469943  0.00846159 -0.08299468
  -0.00251216  0.04335618]]
true: [[ 0.01908841 -0.01908841  0.01507119  0.00483111 -0.21398795  0.08820621
   0.01315583 -0.        ]
 [-0.22313893  0.22313893  0.05221787 -0.19753025 -0.21833975  0.07848921
   0.0445625  -0.        ]
 [ 0.12623974 -0.12623974 -0.01092108  0.10311548 -0.10674853  0.05183565
  -0.01433975 -0.        ]
 [-0.01071082  0.01071082  0.08848224 -0.06627623  0.10629734 -0.04401497
   0.1349426  -0.        ]]
###################### i: 45
currQ: [ 2.27895799  0.98178774 -3.40505366 -0.59547209 -2.54757829  1.64746683
  1.17371893 -1.4043214 ]
corrQ: [ 0.51950693 -0.80483272 -0.23749829  2.02211789  0.02751342  2.84532451
 -0.48096325 -0.48182813]
currError: [-0.40007153  0.13556324 -0.38118916 -0.51878237]
this is k: 20
approx: [[-0.10718394 -0.00497201  0.09014085  0.05003592 -0.01733958  0.01163821
  -0.0265941   0.00319015]
 [ 0.00891603  0.00906109  0.04091813  0.0065518  -0.07203435 -0.04246632
   0.06711072 -0.10575398]
 [-0.11768318 -0.00769852  0.07680721  0.04788709  0.0099463   0.0327476
  -0.05245126  0.05878776]
 [ 0.00626123 -0.07598282 -0.18471691 -0.06749152  0.07176362  0.02629692
  -0.09411187 -0.00036025]]
true: [[-0.0387065   0.0387065   0.03507161 -0.0549315  -0.24482671  0.09265417
   0.02967971 -0.        ]
 [-0.24283761  0.24283761  0.08104603 -0.21387667 -0.13968179  0.07871118
   0.02635356 -0.        ]
 [ 0.07700758 -0.07700758 -0.00201102  0.0505502  -0.16937849  0.05599293
   0.01249868 -0.        ]
 [-0.01052086  0.01052086  0.06882397 -0.06760771  0.15209961 -0.04365887
   0.13760773 -0.        ]]
###################### i: 46
currQ: [ 2.2270073   1.06227101 -3.38130383 -0.79768388 -2.55032963  1.36293437
  1.22181526 -1.35613859]
corrQ: [ 0.33274619  0.79403106 -1.86554288 -2.99734276 -5.09039229  0.44130739
  6.47340581  4.69063634]
currError: [-0.42153867  0.2005129  -0.43205773 -0.47597091]
this is k: 20
approx: [[-0.18229689 -0.01462852  0.11304209 -0.0817493  -0.08343339 -0.08790401
   0.04229327  0.05014538]
 [ 0.00604796 -0.02392747  0.10688692 -0.02579431 -0.03202546 -0.04601011
   0.03300383 -0.06475698]
 [-0.18290153 -0.00623336  0.06679373 -0.05328831 -0.06039216 -0.04979518
   0.01750501  0.08217786]
 [-0.04380495 -0.03403218 -0.18630081 -0.12695393 -0.04091449 -0.06039168
   0.01694027  0.0219298 ]]
true: [[ 0.16971985 -0.16971985  0.05213014  0.16433358 -0.13069651  0.01606534
  -0.03717246 -0.        ]
 [-0.32401811  0.32401811  0.13550628 -0.31016219 -0.16333236  0.04821287
   0.10697479 -0.        ]
 [ 0.31856245 -0.31856245 -0.01331818  0.30697514 -0.06332262 -0.00460462
  -0.09038959 -0.        ]
 [-0.00392378  0.00392378  0.30200441 -0.01690907  0.36127206 -0.06960479
   0.0734438  -0.        ]]
###################### i: 47
currQ: [ 2.19373268  0.98286791 -3.19474954 -0.4979496  -2.0412904   1.31880364
  0.57447468 -1.82520222]
corrQ: [ 0.63205751 -1.67832333  0.2061484   1.39498395  0.69589874  1.98092542
 -1.17863521 -1.04020865]
currError: [-0.51560873 -0.05493517 -0.41249113 -0.37695629]
this is k: 20
approx: [[-0.17333802 -0.02974172  0.13517963 -0.06170378 -0.0638932  -0.05788719
   0.02555835  0.07185161]
 [ 0.02596198 -0.0047195   0.06457519  0.01096484 -0.03722446 -0.0251058
   0.02687397 -0.09748804]
 [-0.1851171  -0.02851578  0.10584294 -0.05444689 -0.04161839 -0.03511165
   0.00627454  0.11627333]
 [-0.03088876 -0.0381127  -0.1749621  -0.1079959  -0.02480118 -0.03528727
   0.00754086  0.03289988]]
true: [[ 0.03535077 -0.03535077  0.08683805  0.0301464  -0.17081586  0.03111548
   0.008567   -0.        ]
 [-0.35930249  0.35930249  0.1259942  -0.34173153 -0.10769887  0.0611555
   0.09191212 -0.        ]
 [ 0.19767545 -0.19767545  0.03352378  0.18471993 -0.1199082   0.00464777
  -0.03264868 -0.        ]
 [-0.00590741  0.00590741  0.24804559 -0.0262004   0.34059297 -0.06806176
   0.10122112 -0.        ]]
###################### i: 48
currQ: [ 2.13052693  1.15070024 -3.21536438 -0.637448   -2.11088028  1.12071109
  0.6923382  -1.72118136]
corrQ: [-0.14253713 -1.16937394 -0.44412187  2.95320923  0.26071483  2.69153301
 -1.58533512 -2.24347754]
currError: [-0.55695331  0.10435043 -0.5242271  -0.37946704]
this is k: 20
approx: [[-0.14792513 -0.04992994  0.1181554   0.02901543 -0.04400367  0.00815046
  -0.022233    0.05268213]
 [ 0.02991776  0.02608362  0.01959021  0.01202278 -0.0581357  -0.03807762
   0.04221445 -0.13402098]
 [-0.16830304 -0.06001607  0.11180228  0.0159981  -0.01952364  0.01768668
  -0.03928015  0.11403038]
 [ 0.02019054 -0.02866014 -0.21530265  0.00063729  0.01138377  0.06582236
  -0.02837226  0.01175305]]
true: [[-0.10858745  0.10858745  0.12928409 -0.10712694 -0.14509298  0.04997807
   0.05378507 -0.        ]
 [-0.34388211  0.34388211  0.15653712 -0.33151436 -0.02533804  0.07323967
   0.05543956 -0.        ]
 [ 0.0488513  -0.0488513   0.06400837  0.04449809 -0.12624682  0.0177219
   0.02857851 -0.        ]
 [-0.00242442  0.00242442  0.14419427 -0.01192829  0.33779854 -0.06539664
   0.11443539 -0.        ]]
###################### i: 49
currQ: [ 2.14478064  1.26763763 -3.17095219 -0.93276892 -2.13695176  0.85155779
  0.85087171 -1.4968336 ]
corrQ: [ 0.15099869  2.72130696 -0.6778607  -5.77666174  0.68549074 -5.29129708
  1.89184088 -0.26879808]
currError: [-0.5354292   0.27028428 -0.56886936 -0.32999768]
this is k: 20
approx: [[-0.18227826 -0.01255234  0.09771309 -0.09476068 -0.07226034 -0.10199512
   0.03859367  0.03524357]
 [ 0.01685801 -0.01701575  0.09166332 -0.01002072 -0.03059722 -0.03907185
   0.02967215 -0.0752921 ]
 [-0.18849502 -0.0079675   0.06067383 -0.07152864 -0.05200555 -0.06477617
   0.0154812   0.07457483]
 [-0.04345569 -0.03172524 -0.19160243 -0.14138626 -0.02701137 -0.0728888
   0.01577994  0.01181903]]
true: [[ 1.39845684e-01 -1.39845684e-01  5.66429630e-02  1.48930068e-01
  -1.47009620e-01  2.42203400e-02 -3.63395920e-02 -0.00000000e+00]
 [-2.85914057e-01  2.85914057e-01  1.08370259e-01 -2.79961960e-01
  -1.73392972e-01  5.31247229e-02  1.07985567e-01 -0.00000000e+00]
 [ 2.72455015e-01 -2.72455015e-01 -2.48014604e-04  2.77598868e-01
  -7.26785518e-02  1.62050765e-03 -9.05301550e-02 -0.00000000e+00]
 [-5.31357835e-03  5.31357835e-03  2.73746676e-01  2.68542440e-03
   3.32976112e-01 -7.50565404e-02  7.14018936e-02 -0.00000000e+00]]
