###################### i: 0
currQ: [0.5, 0.5, 0.5, 0.5, 0.5, 0.5, 0.5, 0.5]
corrQ: [-1.10260124  1.10260124  0.23160569 -3.99045812  0.83914541 -0.5822558
 -3.44240516  0.        ]
currError: [-0.4010023   0.11855634 -0.52536902  0.37704534]
###################### i: 1
currQ: [0.83078037 0.16921963 0.43051829 1.69713743 0.24825638 0.67467674
 1.53272155 0.5       ]
corrQ: [ 0.4874709  -0.4874709  -0.234399   -1.22051763  0.46637578 -0.64647798
  0.55726577  0.        ]
currError: [-0.16895359  0.02382145 -0.2445772   0.22084433]
###################### i: 2
currQ: [0.6845391  0.3154609  0.50083799 2.06329272 0.10834364 0.86862013
 1.36554182 0.5       ]
corrQ: [-2.08494266  2.08494266 -0.28460498 -2.09485472 -3.91136781 -0.40649544
  1.98228321  0.        ]
currError: [-0.13815568 -0.01770126 -0.21025533  0.13257569]
###################### i: 3
currQ: [ 1.3100219  -0.3100219   0.58621949  2.69174914  1.28175399  0.99056877
  0.77085685  0.5       ]
corrQ: [ 0.2653973  -0.2653973   0.07301251 -0.17299384  0.55741834 -0.62986358
  0.56538377  0.        ]
currError: [-0.0724318   0.04836684 -0.10139037  0.2839525 ]
###################### i: 4
currQ: [ 1.23040271 -0.23040271  0.56431574  2.74364729  1.11452849  1.17952784
  0.60124172  0.5       ]
corrQ: [ 0.34732249 -0.34732249  0.19001563  0.00826359  0.47916299 -0.96082643
  0.10700399  0.        ]
currError: [-0.0512569   0.0217961  -0.07504455  0.19018873]
###################### i: 5
currQ: [ 1.12620596 -0.12620596  0.50731105  2.74116821  0.97077959  1.46777577
  0.56914053  0.5       ]
corrQ: [ 0.02417584 -0.02417584  0.25825575  0.01158131  0.50438135 -0.26041526
 -0.08659844  0.        ]
currError: [-0.03762762  0.00797583 -0.05656655  0.13102722]
###################### i: 6
currQ: [ 1.11895321 -0.11895321  0.42983432  2.73769382  0.81946519  1.54590035
  0.59512006  0.5       ]
corrQ: [ 0.00731132 -0.00731132  0.2311651   0.07006436  0.43127901 -0.23439014
 -0.04200574  0.        ]
currError: [-0.0245216   0.00167251 -0.0374122   0.09540419]
###################### i: 7
currQ: [ 1.11675981 -0.11675981  0.36048479  2.71667451  0.69008148  1.61621739
  0.60772178  0.5       ]
corrQ: [ 0.00176089 -0.00176089  0.20216502  0.11675492  0.36885383 -0.22750465
  0.00101143  0.        ]
currError: [-0.0158643  -0.00184707 -0.0244437   0.07033733]
###################### i: 8
currQ: [ 1.11623155 -0.11623155  0.29983528  2.68164804  0.57942533  1.68446878
  0.60741835  0.5       ]
corrQ: [-0.00077364  0.00077364  0.17367729  0.15091891  0.31157829 -0.22736313
  0.04487628  0.        ]
currError: [-0.01013871 -0.00374936 -0.01572748  0.05228361]
###################### i: 9
currQ: [ 1.11646364 -0.11646364  0.2477321   2.63637236  0.48595185  1.75267772
  0.59395547  0.5       ]
corrQ: [-0.00260568  0.00260568  0.14606836  0.16998178  0.25764778 -0.22612991
  0.08572047  0.        ]
currError: [-0.00640636 -0.00463384 -0.00998418  0.03907888]
###################### i: 10
currQ: [ 1.11724534 -0.11724534  0.20391159  2.58537783  0.40865751  1.82051669
  0.56823933  0.5       ]
corrQ: [-0.00461947  0.00461947  0.12050377  0.17407745  0.20942554 -0.21703368
  0.11663263  0.        ]
currError: [-0.00406431 -0.00485512 -0.00635456  0.02932123]
###################### i: 11
currQ: [ 1.11863119 -0.11863119  0.16776046  2.53315459  0.34582985  1.8856268
  0.53324954  0.5       ]
corrQ: [-0.0072144   0.0072144   0.09840144  0.16796989  0.17006737 -0.19769705
  0.13411572  0.        ]
currError: [-0.00267053 -0.00465848 -0.0041846   0.02207523]
###################### i: 12
currQ: [ 1.12079551 -0.12079551  0.13824003  2.48276362  0.29480964  1.94493591
  0.49301482  0.5       ]
corrQ: [-0.01037598  0.01037598  0.08008371  0.15581917  0.13966204 -0.1696405
  0.14078137  0.        ]
currError: [-0.0018744  -0.00423368 -0.0029415   0.01667954]
###################### i: 13
currQ: [ 1.1239083  -0.1239083   0.11421491  2.43601787  0.25291103  1.99582806
  0.45078041  0.5       ]
corrQ: [-0.01355238  0.01355238  0.06502645  0.13836162  0.11598293 -0.13598375
  0.14083822  0.        ]
currError: [-0.00142851 -0.00371655 -0.00224406  0.01264173]
###################### i: 14
currQ: [ 1.12797401 -0.12797401  0.09470698  2.39450939  0.21811615  2.03662319
  0.40852895  0.5       ]
corrQ: [-0.01577723  0.01577723  0.05265504  0.11524877  0.09667738 -0.10117539
  0.13668158  0.        ]
currError: [-0.00118266 -0.00319065 -0.00185916  0.00959798]
###################### i: 15
currQ: [ 1.13270718 -0.13270718  0.07891047  2.35993476  0.18911294  2.06697581
  0.36752447  0.5       ]
corrQ: [-0.01621296  0.01621296  0.04262135  0.08819057  0.08030683 -0.07054905
  0.12900557  0.        ]
currError: [-0.00104889 -0.00270132 -0.00164967  0.00729033]
###################### i: 16
currQ: [ 1.13757107 -0.13757107  0.06612406  2.33347759  0.16502089  2.08814052
  0.3288228   0.5       ]
corrQ: [-0.01481952  0.01481952  0.0346797   0.0615199   0.06642874 -0.0478198
  0.11834806  0.        ]
currError: [-0.00097071 -0.00226918 -0.00152722  0.00554144]
###################### i: 17
currQ: [ 1.14201693 -0.14201693  0.05572015  2.31502162  0.14509227  2.10248646
  0.29331838  0.5       ]
corrQ: [-0.01233634  0.01233634  0.0285117   0.03935499  0.05502493 -0.03310117
  0.10599464  0.        ]
currError: [-0.00091066 -0.00189936 -0.00143309  0.00422487]
###################### i: 18
currQ: [ 1.14571783 -0.14571783  0.04716664  2.30321512  0.12858479  2.11241681
  0.26151999  0.5       ]
corrQ: [-0.00959796  0.00959796  0.02372986  0.02315984  0.04592407 -0.02415421
  0.09347397  0.        ]
currError: [-0.00084906 -0.00158865 -0.00133636  0.0032412 ]
###################### i: 19
currQ: [ 1.14859722 -0.14859722  0.04004768  2.29626717  0.11480757  2.11966308
  0.2334778   0.5       ]
corrQ: [-0.00710141  0.00710141  0.01998083  0.01225154  0.03873713 -0.01864449
  0.0818289   0.        ]
currError: [-0.00078056 -0.00133044 -0.00122867  0.00250851]
###################### i: 20
currQ: [ 1.15072764 -0.15072764  0.03405343  2.29259171  0.10318643  2.12525642
  0.20892913  0.5       ]
corrQ: [-0.0050319   0.0050319   0.01699674  0.0052675   0.03303563 -0.01503346
  0.07150904  0.        ]
currError: [-0.00070728 -0.00111723 -0.00111339  0.0019615 ]
###################### i: 21
currQ: [ 1.15223721 -0.15223721  0.02895441  2.29101146  0.09327574  2.12976646
  0.18747642  0.5       ]
corrQ: [-0.00340742  0.00340742  0.01458821  0.0009632   0.02846109 -0.0124766
  0.0625895   0.        ]
currError: [-0.00063336 -0.00094174 -0.00099707  0.00155066]
###################### i: 22
currQ: [ 1.15325944 -0.15325944  0.02457795  2.2907225   0.08473741  2.13350944
  0.16869957  0.5       ]
corrQ: [-0.00217688  0.00217688  0.01262196 -0.0015887   0.02474419 -0.01053969
  0.05497283  0.        ]
currError: [-0.00056239 -0.00079742 -0.00088536  0.00123959]
###################### i: 23
currQ: [ 1.1539125  -0.1539125   0.02079136  2.29119911  0.07731416  2.13667135
  0.15220772  0.5       ]
corrQ: [-0.00126845  0.00126845  0.01100222 -0.00302571  0.02168935 -0.00900002
  0.04850257  0.        ]
currError: [-0.00049672 -0.00067863 -0.00078199  0.00100197]
###################### i: 24
currQ: [ 1.15429304 -0.15429304  0.0174907   2.29210682  0.07080735  2.13937135
  0.13765695  0.5       ]
corrQ: [-0.0006111   0.0006111   0.00965833 -0.00376936  0.01915461 -0.00773869
  0.04301534  0.        ]
currError: [-0.00043756 -0.00058069 -0.00068886  0.0008188 ]
###################### i: 25
currQ: [ 1.15447636 -0.15447636  0.0145932   2.29323763  0.06506097  2.14169296
  0.12475235  0.5       ]
corrQ: [-0.00014315  0.00014315  0.00853693 -0.00409198  0.01703551 -0.00668719
  0.03836147  0.        ]
currError: [-0.00038525 -0.00049974 -0.00060652  0.00067632]
###################### i: 26
n:None, k:40, initQ: [0.5, 0.5, 0.5, 0.5, 0.5, 0.5, 0.5, 0.5], desP: [0.0, -0.0246, 1.1873], mode: 0
error from goal during visual servoing:
[array([-0.4010023 ,  0.11855634, -0.52536902,  0.37704534]), array([-0.16895359,  0.02382145, -0.2445772 ,  0.22084433]), array([-0.13815568, -0.01770126, -0.21025533,  0.13257569]), array([-0.0724318 ,  0.04836684, -0.10139037,  0.2839525 ]), array([-0.0512569 ,  0.0217961 , -0.07504455,  0.19018873]), array([-0.03762762,  0.00797583, -0.05656655,  0.13102722]), array([-0.0245216 ,  0.00167251, -0.0374122 ,  0.09540419]), array([-0.0158643 , -0.00184707, -0.0244437 ,  0.07033733]), array([-0.01013871, -0.00374936, -0.01572748,  0.05228361]), array([-0.00640636, -0.00463384, -0.00998418,  0.03907888]), array([-0.00406431, -0.00485512, -0.00635456,  0.02932123]), array([-0.00267053, -0.00465848, -0.0041846 ,  0.02207523]), array([-0.0018744 , -0.00423368, -0.0029415 ,  0.01667954]), array([-0.00142851, -0.00371655, -0.00224406,  0.01264173]), array([-0.00118266, -0.00319065, -0.00185916,  0.00959798]), array([-0.00104889, -0.00270132, -0.00164967,  0.00729033]), array([-0.00097071, -0.00226918, -0.00152722,  0.00554144]), array([-0.00091066, -0.00189936, -0.00143309,  0.00422487]), array([-0.00084906, -0.00158865, -0.00133636,  0.0032412 ]), array([-0.00078056, -0.00133044, -0.00122867,  0.00250851]), array([-0.00070728, -0.00111723, -0.00111339,  0.0019615 ]), array([-0.00063336, -0.00094174, -0.00099707,  0.00155066]), array([-0.00056239, -0.00079742, -0.00088536,  0.00123959]), array([-0.00049672, -0.00067863, -0.00078199,  0.00100197]), array([-0.00043756, -0.00058069, -0.00068886,  0.0008188 ]), array([-0.00038525, -0.00049974, -0.00060652,  0.00067632])]
