lls_cache.txt


mean_over_means_count = 10
num_checkpnts = 25
num_transitions = 1

2dof:
 [4.354147671776438, 9.753967579313827, 5.538619922330608, 8.054832438029303, 6.421350403106297, 8.343249411710712, 7.212378012695611, 6.892072479133175, 14.59454708961908, 5.681712653714267, 5.688569584149429, 8.84794257351956, 5.533449622735654, 8.122964061039323, 7.539198751032771, 6.093036128005724, 7.89849097190353, 6.9699415104580025, 6.930417078069641, 6.292366936130145, 5.088054389070415, 25.6961941309267, 8.69047658207314, 4.517904485385922, 5.792759979481917]

 3dof:
error at N: [0.326080179309317, 0.2810878544440256, 0.2675419780941307, 0.28559263333752327, 0.25706736261828655, 0.2690446956422441, 0.27469418029569886, 0.266422444625959, 0.27254759023548486, 0.2689716127342498, 0.2634437022527226, 0.2690061881211035, 0.26701805962553066, 0.2503869543955316, 0.2661781017450447, 0.25224977521383407, 0.2533738384417955, 0.27039070594804826, 0.26685215541154733, 0.26919462904310026, 0.260557369103953, 0.24543504989437664, 0.2577236074860241, 0.26365141158021144, 0.2475814832525926]

kinova:
[1.5415687686326236, 1.675378352016662, 1.5346791484405182, 1.6762745246714494, 1.490517081719217, 1.4172623712728507, 1.3977224236526264, 1.4343115946623715, 1.3589285489422984, 1.31475806523783, 1.2693740455340286, 1.422486628125652, 1.3268161916421726, 1.363613289508002, 1.4147172154499943, 1.209601050373569, 1.4026004841486395, 1.3664954931654467, 1.3589526537256826, 1.22382185449078, 1.2364113708992386, 1.3615081881660633, 1.289047887658589, 1.3370637587833376, 1.2976251158482595]
